<Trace>
2526
D2 600:615-1120 [COR]
X	Y
615	3277.66016
615.2	1197.64185
615.4	1901.74377
615.6	3869.02368
615.8	16067.9639
616	406839.2
616.2	2126538.75
616.4	693817
616.6	123307.938
616.8	1334.91418
617	789.148132
617.2	3193.22827
617.4	4241.291
617.6	1324.826
617.8	2390.52661
618	10902.9219
618.2	3794.81055
618.4	779.3121
618.6	2472.019
618.8	1455.16406
619	1435.22974
619.2	757.4834
619.4	529.7364
619.6	389.398254
619.8	644.6358
620	1067.08472
620.2	3381.49023
620.4	2763.93164
620.6	1659.80078
620.8	3932.21875
621	19089.3477
621.2	274919.1
621.4	1870017.63
621.6	858193.3
621.8	166308.141
622	1420.07776
622.2	1709.55969
622.4	859.9155
622.6	287.339447
622.8	349.3349
623	301.042847
623.2	301.7809
623.4	283.997162
623.6	321.82373
623.8	291.58667
624	478.869171
624.2	2013.51477
624.4	1918.16528
624.6	908.0141
624.8	797.111267
625	956.2067
625.2	1172.77
625.4	4538.03564
625.6	7773.67871
625.8	28903.1152
626	1097951.88
626.2	4083732.5
626.4	1327236.88
626.6	214074.516
626.8	4028.942
627	2531.3125
627.2	1355.83
627.4	608.3468
627.6	382.753143
627.8	364.166077
628	443.265747
628.2	535.880737
628.4	458.612457
628.6	623.9731
628.8	2225.741
629	2799.1084
629.2	1687.56128
629.4	2859.54468
629.6	9912.862
629.8	197087.359
630	1451639.5
630.2	775582
630.4	113379.805
630.6	1703.38745
630.8	3800.01318
631	2482.95654
631.2	996.8771
631.4	740.950562
631.6	776.797668
631.8	1318.27661
632	2280.047
632.2	14461.2891
632.4	27277.78
632.6	66275.02
632.8	2280527.25
633	3368827
633.2	902322.5
633.4	158387.969
633.6	2282.58569
633.8	1021.52472
634	483.916718
634.2	611.7544
634.4	627.450562
634.6	1251.12427
634.8	1559.122
635	952.0845
635.2	911.8003
635.4	1071.27344
635.6	1109.82617
635.8	1450.07642
636	1864.03394
636.2	2078.32983
636.4	2214.15
636.6	2162.01782
636.8	3761.08228
637	6127.58154
637.2	15225.3076
637.4	45108.91
637.6	567837.938
637.8	5595949
638	5392257
638.2	1125532.13
638.4	56803.7227
638.6	5066.51367
638.8	5939.333
639	10436.1719
639.2	28328.6582
639.4	104518.07
639.6	3475960.5
639.8	7070128.5
640	2233857
640.2	401860.719
640.4	10900.0967
640.6	7622.5415
640.8	2915.67773
641	1992.6073
641.2	1303.69153
641.4	1260.80481
641.6	2125.16235
641.8	2690.86548
642	1091.65369
642.2	914.848755
642.4	831.1392
642.6	589.6955
642.8	622.863831
643	640.3936
643.2	547.018738
643.4	580.317444
643.6	422.475983
643.8	815.2942
644	2997.74585
644.2	2981.94263
644.4	942.9373
644.6	379.824249
644.8	388.972351
645	536.3061
645.2	366.661255
645.4	433.024078
645.6	491.5497
645.8	443.594055
646	543.6388
646.2	413.039276
646.4	397.663116
646.6	473.586
646.8	474.9464
647	660.148132
647.2	762.597961
647.4	655.5149
647.6	691.0882
647.8	659.237549
648	889.947266
648.2	926.381165
648.4	1090.83679
648.6	1290.35828
648.8	1362.41528
649	1864.46155
649.2	1947.04
649.4	2824.8396
649.6	5890.585
649.8	14291.6582
650	40572.2734
650.2	830567.3
650.4	4934965
650.6	4872508
650.8	941371.938
651	51330.832
651.2	2604.37549
651.4	1243.63574
651.6	766.0896
651.8	991.575
652	770.3954
652.2	1491.46448
652.4	3307.272
652.6	9491.621
652.8	38925.13
653	1177189.5
653.2	3036920.75
653.4	1021521.44
653.6	196653.75
653.8	2124.40283
654	1042.16943
654.2	397.756653
654.4	463.887451
654.6	325.684937
654.8	587.974365
655	645.8758
655.2	356.744934
655.4	329.5458
655.6	443.830078
655.8	350.417633
656	579.4013
656.2	476.4077
656.4	468.339569
656.6	488.974976
656.8	355.84787
657	665.669556
657.2	483.8569
657.4	689.1961
657.6	496.573151
657.8	722.7272
658	685.746155
658.2	560.147339
658.4	897.0811
658.6	988.885254
658.8	1230.04492
659	2109.55713
659.2	4352.198
659.4	11767.3477
659.6	55280.24
659.8	1546475.13
660	3438945.5
660.2	1294567.38
660.4	257919.5
660.6	8660.997
660.8	2793.23218
661	1221.2854
661.2	823.55835
661.4	629.8925
661.6	424.6666
661.8	436.354858
662	468.948853
662.2	303.109283
662.4	503.1885
662.6	346.96347
662.8	326.89624
663	528.8045
663.2	392.4611
663.4	382.969971
663.6	448.100555
663.8	631.3063
664	654.597839
664.2	732.091
664.4	410.4333
664.6	411.759521
664.8	847.9222
665	1036.04688
665.2	5985.22266
665.4	14261.5742
665.6	5241.48975
665.8	1756.24622
666	1041.549
666.2	755.898865
666.4	1226.74207
666.6	1566.34766
666.8	2884.68384
667	3828.60742
667.2	7286.822
667.4	19056.2617
667.6	128141.2
667.8	3147474.5
668	5784508
668.2	1791347
668.4	303619.5
668.6	11543.2822
668.8	6189.629
669	3360.47046
669.2	1738.098
669.4	1252.171
669.6	1185.74731
669.8	942.20636
670	874.3195
670.2	995.6788
670.4	1034.55945
670.6	1622.45056
670.8	1735.35571
671	3914.17578
671.2	12046.8662
671.4	65209.93
671.6	1857672.75
671.8	3874610
672	1573713.38
672.2	235532.7
672.4	7846.10449
672.6	3005.50464
672.8	1581.75049
673	1190.1571
673.2	547.2478
673.4	561.4917
673.6	976.3904
673.8	2951.238
674	2897.67529
674.2	657.1701
674.4	342.297028
674.6	254.349823
674.8	140.330551
675	358.322632
675.2	577.671753
675.4	824.132568
675.6	594.1756
675.8	401.65683
676	532.8591
676.2	404.1431
676.4	91.53996
676.6	131.174759
676.8	131.578186
677	237.567352
677.2	79.43094
677.4	159.346237
677.6	199.787888
677.8	160.314285
678	227.798019
678.2	174.771057
678.4	269.760162
678.6	284.173218
678.8	190.065292
679	272.4034
679.2	95.64929
679.4	95.9577
679.6	110.018333
679.8	206.9456
680	138.404144
680.2	97.18826
680.4	250.69873
680.6	167.6557
680.8	224.2393
681	140.585678
681.2	183.328735
681.4	198.04187
681.6	56.75773
681.8	298.89566
682	271.2583
682.2	186.188278
682.4	301.7206
682.6	216.195862
682.8	332.5462
683	449.6241
683.2	5296.44043
683.4	6553.792
683.6	1551.90332
683.8	337.771973
684	279.892181
684.2	192.1336
684.4	756.2286
684.6	476.0413
684.8	179.09494
685	179.6753
685.2	195.277
685.4	346.603241
685.6	272.124634
685.8	318.494629
686	441.229279
686.2	244.201736
686.4	459.31546
686.6	353.241547
686.8	986.0058
687	587.2556
687.2	263.531738
687.4	264.345276
687.6	155.975342
687.8	500.655182
688	392.33252
688.2	267.635437
688.4	268.48526
688.6	411.9248
688.8	794.667358
689	2742.338
689.2	3630.64648
689.4	1219.30017
689.6	740.290833
689.8	1210.754
690	582.955933
690.2	1819.469
690.4	4465.55664
690.6	3204.41382
690.8	1131.618
691	1332.61548
691.2	1864.94128
691.4	2648.93286
691.6	5895.96631
691.8	10046.6592
692	23034.7871
692.2	100928.773
692.4	2834229
692.6	6597498.5
692.8	2027039.88
693	235609.578
693.2	11896.6611
693.4	5454.077
693.6	2418.39673
693.8	2632.65674
694	5057.947
694.2	4468.956
694.4	799.465637
694.6	523.16
694.8	577.425659
695	579.3749
695.2	299.4688
695.4	229.773224
695.6	266.00882
695.8	800.690552
696	2302.981
696.2	2507.41528
696.4	682.751648
696.6	198.269547
696.8	289.312317
697	163.255341
697.2	254.75798
697.4	474.618256
697.6	238.055527
697.8	146.9555
698	571.2381
698.2	203.409134
698.4	519.585144
698.6	595.885
698.8	336.350433
699	1106.31628
699.2	1542.91406
699.4	1151.724
699.6	1250.40454
699.8	3098.75684
700	2880.40332
700.2	1990.39148
700.4	2803.44336
700.6	3544.74438
700.8	4445.4917
701	6302.32568
701.2	7373.4917
701.4	10950.2148
701.6	19172.9512
701.8	198220.313
702	598915.938
702.2	417939.6
702.4	349739.6
702.6	5110297
702.8	19634834
703	17588628
703.2	5299441.5
703.4	473380.281
703.6	27317.0234
703.8	22389.6934
704	8490.428
704.2	1450.15979
704.4	901.58
704.6	5242.11768
704.8	15077.3076
705	9848.483
705.2	3984.85083
705.4	32990.7461
705.6	77932.02
705.8	33073.4648
706	8806.89551
706.2	1117.6366
706.4	1713.81372
706.6	1337.40442
706.8	830.664063
707	320.5427
707.2	192.960388
707.4	365.68103
707.6	388.461517
707.8	238.16893
708	304.112183
708.2	501.254974
708.4	371.7052
708.6	175.49028
708.8	286.099579
709	419.50177
709.2	243.653778
709.4	711.097839
709.6	156.050949
709.8	156.550385
710	314.100159
710.2	202.552155
710.4	158.031158
710.6	271.7518
710.8	227.160675
711	706.3748
711.2	1257.10852
711.4	894.13446
711.6	298.953857
711.8	230.665283
712	347.049835
712.2	417.866821
712.4	372.687439
712.6	280.45282
712.8	398.637238
713	211.746185
713.2	330.477478
713.4	473.6744
713.6	712.857239
713.8	667.521362
714	358.771851
714.2	599.9134
714.4	505.5722
714.6	313.9909
714.8	1017.73041
715	413.267883
715.2	512.1534
715.4	562.732239
715.6	662.7143
715.8	467.8423
716	271.7174
716.2	619.7005
716.4	572.1102
716.6	1372.84863
716.8	3556.785
717	16942.66
717.2	312731.125
717.4	915809.1
717.6	692670
717.8	191934.563
718	19305.2
718.2	2232.46582
718.4	1674.1
718.6	11814.77
718.8	16477.6465
719	7421.90674
719.2	705.6477
719.4	340.990021
719.6	526.5003
719.8	581.2406
720	3340.97974
720.2	3113.55542
720.4	2029.75037
720.6	214.421509
720.8	403.47995
721	566.8873
721.2	623.083252
721.4	543.7297
721.6	436.517761
721.8	1013.002
722	1346.24768
722.2	1295.99719
722.4	1522.09424
722.6	2305.29028
722.8	2257.83813
723	3776.61182
723.2	2751.313
723.4	3324.61938
723.6	4948.141
723.8	8995.218
724	20219.9922
724.2	80524.3359
724.4	1579064.25
724.6	9739619
724.8	13478622
725	3567911.25
725.2	604744.1
725.4	9456.127
725.6	2547.80957
725.8	1939.5
726	589.747437
726.2	1094.82251
726.4	534.4551
726.6	536.2959
726.8	1823.707
727	1889.94641
727.2	752.529
727.4	573.8648
727.6	1242.53955
727.8	516.935242
728	366.1226
728.2	153.135208
728.4	399.671722
728.6	401.1907
728.8	216.843582
729	621.892639
729.2	436.9605
729.4	187.969681
729.6	125.780434
729.8	441.8689
730	126.715454
730.2	381.570557
730.4	670.240967
730.6	993.0819
730.8	707.3758
731	613.168762
731.2	291.5152
731.4	260.073517
731.6	163.138748
731.8	458.450165
732	591.571655
732.2	197.968948
732.4	430.6212
732.6	399.0539
732.8	300.458618
733	435.684
733.2	235.507538
733.4	135.094925
733.6	508.5543
733.8	408.401031
734	239.142456
734.2	239.906509
734.4	137.525909
734.6	482.8695
734.8	138.398956
735	242.962418
735.2	174.09024
735.4	209.563217
735.6	245.2543
735.8	351.455
736	105.763763
736.2	530.509
736.4	1277.28064
736.6	640.663
736.8	249.934036
737	752.1687
737.2	1149.76709
737.4	504.5968
737.6	470.017
737.8	362.676941
738	72.76038
738.2	1497.99719
738.4	3889.46729
738.6	1621.33167
738.8	1184.13782
739	185.800156
739.2	597.057739
739.4	299.776031
739.6	0
739.8	264.487244
740	796.7399
740.2	1295.85449
740.4	497.723328
740.6	346.136078
740.8	347.695282
741	388.060669
741.2	428.772552
741.4	900.5117
741.6	825.8431
741.8	552.9865
742	912.4645
742.2	1435.05811
742.4	1762.33337
742.6	1891.43164
742.8	2345.14648
743	6134.335
743.2	24205.95
743.4	684613.4
743.6	2724807
743.8	3891065.25
744	1224625.25
744.2	163148.328
744.4	2784.69287
744.6	1246.6803
744.8	623.245056
745	332.3473
745.2	290.7605
745.4	539.9042
745.6	124.574394
745.8	207.593185
746	249.074768
746.2	207.1532
746.4	289.442
746.6	1361.82214
746.8	24179.2559
747	52300.13
747.2	32700.707
747.4	8966.299
747.6	612.872
747.8	1304.8479
748	2563.78516
748.2	11232.1846
748.4	202126.984
748.6	633504.7
748.8	779611.6
749	237936.891
749.2	14527.3613
749.4	1424.10669
749.6	651.00354
749.8	1057.86133
750	3254.93359
750.2	3824.62476
750.4	1627.505
750.6	406.879974
750.8	569.6421
751	1953.108
751.2	4394.63232
751.4	2034.55664
751.6	651.0635
751.8	651.074341
752	81.38537
752.2	325.536041
752.4	325.530121
752.6	1342.79541
752.8	6551.30469
753	95553.03
753.2	554387.2
753.4	772561.7
753.6	221596.391
753.8	87033.15
754	266884.563
754.2	314571
754.4	94613.52
754.6	12052.6611
754.8	122.17659
755	611.0358
755.2	285.219971
755.4	203.778763
755.6	448.424683
755.8	489.311462
756	326.287872
756.2	40.8206
756.4	449.4093
756.6	245.340088
756.8	491.097168
757	122.878075
757.2	286.958649
757.4	287.201447
757.6	82.1268
757.8	328.785248
758	164.531189
758.2	164.744263
758.4	329.91507
758.6	206.463028
758.8	289.421265
759	496.790619
759.2	82.90476
759.4	539.574951
759.6	41.5588951
759.8	291.2856
760	166.66185
760.2	333.821167
760.4	250.7386
760.6	460.371368
760.8	209.570084
761	209.880783
761.2	252.229828
761.4	294.7032
761.6	210.812775
761.8	168.898743
762	845.7398
762.2	550.5794
762.4	84.8349838
762.6	254.897186
762.8	978.6129
763	5710.399
763.2	12377.76
763.4	8335.521
763.6	2012.07056
763.8	300.1245
764	128.8207
764.2	301.033447
764.4	301.485
764.6	388.204071
764.8	475.181427
765	432.628021
765.2	303.290955
765.4	520.702
765.6	347.6502
765.8	0
766	217.926239
766.2	305.616028
766.4	262.4015
766.6	262.8463
766.8	175.52742
767	131.868011
767.2	264.1812
767.4	176.417358
767.6	220.892441
767.8	177.010544
768	221.634048
768.2	133.257828
768.4	489.630432
768.6	446.043
768.8	312.877319
769	313.52475
769.2	224.408554
769.4	359.7939
769.6	135.1999
769.8	90.31824
770	362.0134
770.2	272.078125
770.4	136.323074
770.6	136.6071
770.8	319.413177
771	228.625656
771.2	229.0992
771.4	91.82902
771.6	138.027588
771.8	184.415649
772	785.379
772.2	2778.33521
772.4	4919.71973
772.6	1814.20056
772.8	885.857056
773	186.920822
773.2	46.8364944
773.4	704.1448
773.6	235.245789
773.8	188.621887
774	47.26176
774.2	378.96933
774.4	94.96083
774.6	0
774.8	715.487732
775	239.041885
775.2	287.5063
775.4	576.3253
775.6	96.2725449
775.8	48.2455826
776	241.774765
776.2	96.97047
776.4	291.6936
776.6	389.967255
776.8	195.504684
777	196.02594
777.2	98.27356
777.4	49.267086
777.6	395.179626
777.8	0
778	148.974075
778.2	49.8050423
778.4	49.9520836
778.6	100.198174
778.8	301.477081
779	403.146
779.2	252.701248
779.4	253.436462
779.6	203.337082
779.8	0
780	562.4129
780.2	153.82608
780.4	0
780.6	412.55545
780.8	0
781	311.1807
781.2	260.0523
781.4	417.260223
781.6	104.608849
781.8	524.515564
782	525.9858
782.2	263.7619
782.4	529.0632
782.6	318.360565
782.8	159.641754
783	213.4712
783.2	428.173859
783.4	375.729126
783.6	107.658691
783.8	431.866425
784	920.334
784.2	814.667
784.4	980.730652
784.6	1147.83679
784.8	328.995331
785	220.025574
785.2	331.081757
785.4	0
785.6	277.6398
785.8	167.1054
786	223.5027
786.2	336.378448
786.4	112.500763
786.6	112.875389
786.8	113.250122
787	227.249817
787.2	227.999283
787.4	228.748749
787.6	0
787.8	115.12368
788	173.247665
788.2	753.5328
788.4	232.714478
788.6	467.146484
788.8	175.823776
789	0
789.2	354.224121
789.4	888.7827
789.6	59.4666023
789.8	59.6812935
790	598.9612
790.2	360.767365
790.4	724.3179
790.6	121.182861
790.8	60.82325
791	0
791.2	61.28692
791.4	553.669861
791.6	370.503571
791.8	185.947128
792	124.4284
792.2	312.340576
792.4	62.7219276
792.6	125.951477
792.8	1327.82813
793	2666.333
793.2	1211.01477
793.4	511.930573
793.6	1606.13477
793.8	7546.588
794	7187.753
794.2	15934.7861
794.4	34885.0977
794.6	39104.81
794.8	19964.83
795	7014.07471
795.2	2990.37329
795.4	1067.76758
795.6	268.073639
795.8	0
796	202.754532
796.2	67.92869
796.4	341.3632
796.6	68.61634
796.8	206.880768
797	277.216644
797.2	208.944061
797.4	0
797.6	211.007019
797.8	141.35907
798	213.0703
798.2	214.3239
798.4	215.5775
798.6	795.0476
798.8	72.69473
799	146.225235
799.2	294.12207
799.4	295.793518
799.6	223.098312
799.8	523.488342
800	150.403641
800.2	757.6109
800.4	1068.484
800.6	3228.951
800.8	696.9444
801	389.9866
801.2	2199.593
801.4	2215.24854
801.6	2310.57471
801.8	561.635742
802	323.170929
802.2	0
802.4	492.5722
802.6	165.492752
802.8	166.795349
803	504.2943
803.2	169.400513
803.4	0
803.6	258.008026
803.8	606.5784
804	0
804.2	440.6282
804.4	266.83783
804.6	269.298065
804.8	905.865234
805	182.813354
805.2	368.908264
805.4	186.094711
805.6	375.46994
805.8	284.063416
806	191.016235
806.2	386.291046
806.4	488.186981
806.6	197.4032
806.8	997.664
807	403.3234
807.2	1018.95605
807.4	1235.52319
807.6	3016.72461
807.8	41934.63
808	125298.008
808.2	156381.547
808.4	59372.4063
808.6	7700.94971
808.8	2559.865
809	1688.76685
809.2	910.9637
809.4	460.62616
809.6	116.442268
809.8	2590.03955
810	4284.56543
810.2	5792.1665
810.4	1345.55383
810.6	1239.766
810.8	2135.72485
811	8782.774
811.2	19083.5957
811.4	25597.3828
811.6	24334.3926
811.8	10444.4111
812	2711.09644
812.2	963.750549
812.4	1957.24426
812.6	7522.192
812.8	6338.29346
813	21634.67
813.2	75048.81
813.4	94029.26
813.6	35850.63
813.8	8507.031
814	470.386627
814.2	319.3383
814.4	487.628479
814.6	0
814.8	0
815	684.651733
815.2	174.036453
815.4	707.640869
815.6	719.131958
815.8	547.9698
816	185.530151
816.2	0
816.4	770.5577
816.6	196.192764
816.8	0
817	406.603882
817.2	206.856461
817.4	841.6447
817.6	1069.82361
817.8	1305.11609
818	221.073639
818.2	1579.4353
818.4	460.3859
818.6	234.751129
818.8	478.621582
819	487.740845
819.2	993.7207
819.4	505.97934
819.6	1545.28906
819.8	786.322754
820	800.001648
820.2	817.42334
820.4	1391.40894
820.6	568.174
820.8	0
821	2069.91284
821.2	904.5262
821.4	307.3158
821.6	626.2427
821.8	1594.6438
822	649.4715
822.2	995.322
822.4	1355.249
822.6	0
822.8	352.8862
823	2159.549
823.2	733.9253
823.4	1122.00269
823.6	1524.14807
823.8	776.149963
824	3160.91016
824.2	0
824.4	2888.79248
824.6	842.9338
824.8	4732.78662
825	0
825.2	0
825.4	2283.04565
825.6	10704.0615
825.8	17070.5176
826	9176.326
826.2	21237.2656
826.4	42909.5
826.6	40227.4023
826.8	10533.0176
827	1075.1416
827.2	4387.952
827.4	3915.91357
827.6	0
827.8	1162.51379
828	592.179
828.2	1214.72021
828.4	1867.62366
828.6	1913.15271
828.8	2611.59448
829	668.079163
829.2	3416.30371
829.4	16064.23
829.6	69936.1953
829.8	233962.953
830	462082.719
830.2	237740.625
830.4	71750.65
830.6	4786.961
830.8	1631.55347
831	0
831.2	5961.755
831.4	869.628662
831.6	2662.723
831.8	0
832	3693.90381
832.2	945.2114
832.4	966.9475
832.6	988.677
832.8	5052.07031
833	12385.8242
833.2	2107.771
833.4	5378.1123
833.6	3292.0542
833.8	5595.44043
834	2281.64648
834.2	4682.477
834.4	0
834.6	0
834.8	2519.992
835	5159.168
835.2	3958.761
835.4	1349.38184
835.6	6895.84766
835.8	5635.8584
836	0
836.2	2953.07178
836.4	36343.7
836.6	52771.0547
836.8	92212.82
837	24414.5371
837.2	4996.222
837.4	32360.627
837.6	746946.7
837.8	1869930.63
838	3267537.25
838.2	1128625
838.4	248818.547
838.6	11775.7656
838.8	8045.358
839	8240.21
839.2	0
839.4	12944.8779
839.6	0
839.8	18039.1348
840	4607.202
840.2	0
840.4	7278.26758
840.6	2487.313
840.8	2548.55664
841	28707.877
841.2	2671.04419
841.4	5464.57666
841.6	55870.52
841.8	131320.281
842	545317.4
842.2	401329.9
842.4	126027.023
842.6	56748.38
842.8	9694.726
843	19862.8633
843.2	6778.74658
843.4	3468.27173
843.6	0
843.8	25382.3652
844	0
844.2	3803.18628
844.4	15605.7158
844.6	0
844.8	8195.755
845	4196.1167
845.2	30060.5449
845.4	4392.597
845.6	4490.807
845.8	9178.097
846	0
846.2	14435.78
846.4	108604.922
846.6	121468.547
846.8	67415.57
847	0
847.2	5435.07129
847.4	11119.4189
847.6	28421.5645
847.8	11617.8916
848	11867.165
848.2	0
848.4	12497.9111
848.6	32032.9941
848.8	6564.279
849	13443.9346
849.2	34398.2969
849.4	380021.344
849.6	1079286.88
849.8	2125072.75
850	856204.1
850.2	210291.234
850.4	22531.0625
850.6	15020.7041
850.8	0
851	0
851.2	37551.79
851.4	7510.35059
851.6	0
851.8	37551.79
852	15020.7041
852.2	52572.5352
852.4	45062.16
852.6	0
852.8	0
853	0
853.2	7510.35059
853.4	15020.7041
853.6	37551.79
853.8	7510.35059
854	37551.79
854.2	37551.79
854.4	7510.35059
854.6	22531.0625
854.8	45062.16
855	0
855.2	37551.79
855.4	7510.35059
855.6	82614.06
855.8	22531.0625
856	15020.7041
856.2	0
856.4	7510.35059
856.6	15020.7041
856.8	30041.4238
857	22531.0625
857.2	15020.7041
857.4	30041.4238
857.6	0
857.8	15020.7041
858	22531.0625
858.2	30041.4238
858.4	0
858.6	15020.7041
858.8	0
859	30041.4238
859.2	90124.45
859.4	37551.79
859.6	37551.79
859.8	0
860	60082.91
860.2	0
860.4	0
860.6	37551.79
860.8	30041.4238
861	0
861.2	60082.91
861.4	37551.79
861.6	15020.7041
861.8	0
862	22531.0625
862.2	7510.35059
862.4	22531.0625
862.6	0
862.8	0
863	7510.35059
863.2	210291.234
863.4	127676.469
863.6	52572.5352
863.8	37551.79
864	30041.4238
864.2	0
864.4	0
864.6	0
864.8	82614.06
865	75103.67
865.2	52572.5352
865.4	60082.91
865.6	97634.84
865.8	15020.7041
866	0
866.2	15020.7041
866.4	30041.4238
866.6	52572.5352
866.8	15020.7041
867	30041.4238
867.2	0
867.4	0
867.6	52572.5352
867.8	82614.06
868	60082.91
868.2	7510.35059
868.4	67593.29
868.6	22531.0625
868.8	30041.4238
869	30041.4238
869.2	0
869.4	37551.79
869.6	22531.0625
869.8	22531.0625
870	0
870.2	0
870.4	7510.35059
870.6	0
870.8	37551.79
871	7510.35059
871.2	0
871.4	7510.35059
871.6	52572.5352
871.8	0
872	30041.4238
872.2	7510.35059
872.4	22531.0625
872.6	22531.0625
872.8	7510.35059
873	0
873.2	0
873.4	0
873.6	22531.0625
873.8	0
874	45062.16
874.2	0
874.4	15020.7041
874.6	22531.0625
874.8	0
875	7510.35059
875.2	22531.0625
875.4	0
875.6	30041.4238
875.8	0
876	0
876.2	0
876.4	0
876.6	15020.7041
876.8	22531.0625
877	7510.35059
877.2	7510.35059
877.4	30041.4238
877.6	60082.91
877.8	67593.29
878	82614.06
878.2	60082.91
878.4	0
878.6	7510.35059
878.8	7510.35059
879	22531.0625
879.2	0
879.4	37551.79
879.6	0
879.8	0
880	15020.7041
880.2	22531.0625
880.4	15020.7041
880.6	7510.35059
880.8	30041.4238
881	0
881.2	22531.0625
881.4	0
881.6	0
881.8	15020.7041
882	30041.4238
882.2	0
882.4	0
882.6	7510.35059
882.8	22531.0625
883	30041.4238
883.2	0
883.4	22531.0625
883.6	37551.79
883.8	37551.79
884	0
884.2	15020.7041
884.4	15020.7041
884.6	7510.35059
884.8	37551.79
885	0
885.2	7510.35059
885.4	67593.29
885.6	37551.79
885.8	7510.35059
886	0
886.2	30041.4238
886.4	7510.35059
886.6	7510.35059
886.8	37551.79
887	15020.7041
887.2	52572.5352
887.4	22531.0625
887.6	22531.0625
887.8	22531.0625
888	15020.7041
888.2	52572.5352
888.4	0
888.6	7510.35059
888.8	22531.0625
889	0
889.2	7510.35059
889.4	60082.91
889.6	0
889.8	0
890	0
890.2	7510.35059
890.4	7510.35059
890.6	15020.7041
890.8	0
891	37551.79
891.2	15020.7041
891.4	0
891.6	15020.7041
891.8	7510.35059
892	15020.7041
892.2	0
892.4	60082.91
892.6	0
892.8	0
893	15020.7041
893.2	7510.35059
893.4	0
893.6	15020.7041
893.8	7510.35059
894	0
894.2	15020.7041
894.4	15020.7041
894.6	30041.4238
894.8	7510.35059
895	15020.7041
895.2	37551.79
895.4	15020.7041
895.6	37551.79
895.8	37551.79
896	22531.0625
896.2	0
896.4	0
896.6	7510.35059
896.8	0
897	0
897.2	0
897.4	37551.79
897.6	7510.35059
897.8	52572.5352
898	30041.4238
898.2	75103.67
898.4	15020.7041
898.6	7510.35059
898.8	0
899	0
899.2	30041.4238
899.4	60082.91
899.6	60082.91
899.8	15020.7041
900	15020.7041
900.2	0
900.4	90124.45
900.6	7510.35059
900.8	15020.7041
901	15020.7041
901.2	7510.35059
901.4	15020.7041
901.6	22531.0625
901.8	0
902	52572.5352
902.2	22531.0625
902.4	7510.35059
902.6	0
902.8	22531.0625
903	22531.0625
903.2	15020.7041
903.4	0
903.6	7510.35059
903.8	7510.35059
904	22531.0625
904.2	0
904.4	0
904.6	37551.79
904.8	7510.35059
905	0
905.2	7510.35059
905.4	22531.0625
905.6	0
905.8	22531.0625
906	0
906.2	0
906.4	15020.7041
906.6	52572.5352
906.8	22531.0625
907	0
907.2	60082.91
907.4	7510.35059
907.6	0
907.8	0
908	0
908.2	37551.79
908.4	15020.7041
908.6	0
908.8	7510.35059
909	0
909.2	0
909.4	15020.7041
909.6	15020.7041
909.8	15020.7041
910	0
910.2	0
910.4	7510.35059
910.6	15020.7041
910.8	0
911	30041.4238
911.2	0
911.4	7510.35059
911.6	7510.35059
911.8	7510.35059
912	15020.7041
912.2	15020.7041
912.4	0
912.6	0
912.8	0
913	7510.35059
913.2	0
913.4	0
913.6	0
913.8	0
914	30041.4238
914.2	0
914.4	7510.35059
914.6	30041.4238
914.8	0
915	30041.4238
915.2	0
915.4	30041.4238
915.6	30041.4238
915.8	15020.7041
916	0
916.2	0
916.4	0
916.6	30041.4238
916.8	0
917	7510.35059
917.2	15020.7041
917.4	22531.0625
917.6	75103.67
917.8	0
918	7510.35059
918.2	52572.5352
918.4	7510.35059
918.6	15020.7041
918.8	0
919	0
919.2	67593.29
919.4	0
919.6	0
919.8	22531.0625
920	0
920.2	22531.0625
920.4	15020.7041
920.6	0
920.8	0
921	15020.7041
921.2	22531.0625
921.4	0
921.6	0
921.8	0
922	30041.4238
922.2	30041.4238
922.4	22531.0625
922.6	7510.35059
922.8	0
923	22531.0625
923.2	30041.4238
923.4	30041.4238
923.6	22531.0625
923.8	22531.0625
924	30041.4238
924.2	45062.16
924.4	22531.0625
924.6	0
924.8	7510.35059
925	7510.35059
925.2	0
925.4	7510.35059
925.6	37551.79
925.8	7510.35059
926	0
926.2	22531.0625
926.4	7510.35059
926.6	0
926.8	0
927	30041.4238
927.2	0
927.4	75103.67
927.6	0
927.8	135186.875
928	15020.7041
928.2	15020.7041
928.4	0
928.6	7510.35059
928.8	82614.06
929	7510.35059
929.2	37551.79
929.4	0
929.6	7510.35059
929.8	15020.7041
930	0
930.2	7510.35059
930.4	7510.35059
930.6	0
930.8	7510.35059
931	15020.7041
931.2	7510.35059
931.4	15020.7041
931.6	7510.35059
931.8	30041.4238
932	15020.7041
932.2	0
932.4	22531.0625
932.6	7510.35059
932.8	0
933	30041.4238
933.2	67593.29
933.4	0
933.6	22531.0625
933.8	15020.7041
934	15020.7041
934.2	0
934.4	0
934.6	0
934.8	7510.35059
935	0
935.2	0
935.4	7510.35059
935.6	22531.0625
935.8	0
936	0
936.2	7510.35059
936.4	15020.7041
936.6	15020.7041
936.8	7510.35059
937	7510.35059
937.2	7510.35059
937.4	22531.0625
937.6	15020.7041
937.8	0
938	7510.35059
938.2	22531.0625
938.4	7510.35059
938.6	22531.0625
938.8	30041.4238
939	22531.0625
939.2	0
939.4	0
939.6	7510.35059
939.8	0
940	7510.35059
940.2	7510.35059
940.4	180249.438
940.6	7510.35059
940.8	15020.7041
941	0
941.2	15020.7041
941.4	0
941.6	7510.35059
941.8	7510.35059
942	60082.91
942.2	45062.16
942.4	30041.4238
942.6	7510.35059
942.8	15020.7041
943	0
943.2	0
943.4	0
943.6	15020.7041
943.8	7510.35059
944	0
944.2	7510.35059
944.4	0
944.6	7510.35059
944.8	15020.7041
945	0
945.2	22531.0625
945.4	0
945.6	0
945.8	22531.0625
946	0
946.2	15020.7041
946.4	15020.7041
946.6	37551.79
946.8	0
947	0
947.2	0
947.4	22531.0625
947.6	15020.7041
947.8	37551.79
948	15020.7041
948.2	22531.0625
948.4	0
948.6	15020.7041
948.8	0
949	15020.7041
949.2	7510.35059
949.4	30041.4238
949.6	22531.0625
949.8	0
950	22531.0625
950.2	0
950.4	0
950.6	22531.0625
950.8	22531.0625
951	0
951.2	0
951.4	7510.35059
951.6	0
951.8	7510.35059
952	0
952.2	0
952.4	15020.7041
952.6	0
952.8	0
953	0
953.2	15020.7041
953.4	0
953.6	0
953.8	0
954	22531.0625
954.2	0
954.4	30041.4238
954.6	7510.35059
954.8	0
955	7510.35059
955.2	67593.29
955.4	0
955.6	7510.35059
955.8	67593.29
956	0
956.2	30041.4238
956.4	0
956.6	0
956.8	7510.35059
957	0
957.2	0
957.4	7510.35059
957.6	0
957.8	0
958	7510.35059
958.2	0
958.4	30041.4238
958.6	7510.35059
958.8	15020.7041
959	7510.35059
959.2	30041.4238
959.4	37551.79
959.6	105145.25
959.8	37551.79
960	0
960.2	0
960.4	0
960.6	7510.35059
960.8	22531.0625
961	7510.35059
961.2	0
961.4	0
961.6	15020.7041
961.8	45062.16
962	45062.16
962.2	7510.35059
962.4	37551.79
962.6	7510.35059
962.8	22531.0625
963	82614.06
963.2	0
963.4	22531.0625
963.6	0
963.8	7510.35059
964	0
964.2	7510.35059
964.4	22531.0625
964.6	22531.0625
964.8	0
965	0
965.2	22531.0625
965.4	0
965.6	30041.4238
965.8	7510.35059
966	30041.4238
966.2	7510.35059
966.4	7510.35059
966.6	0
966.8	7510.35059
967	22531.0625
967.2	15020.7041
967.4	15020.7041
967.6	52572.5352
967.8	22531.0625
968	15020.7041
968.2	22531.0625
968.4	7510.35059
968.6	75103.67
968.8	0
969	15020.7041
969.2	0
969.4	0
969.6	37551.79
969.8	7510.35059
970	0
970.2	45062.16
970.4	37551.79
970.6	7510.35059
970.8	0
971	7510.35059
971.2	15020.7041
971.4	0
971.6	7510.35059
971.8	0
972	37551.79
972.2	45062.16
972.4	7510.35059
972.6	7510.35059
972.8	7510.35059
973	7510.35059
973.2	0
973.4	0
973.6	22531.0625
973.8	15020.7041
974	22531.0625
974.2	7510.35059
974.4	0
974.6	0
974.8	15020.7041
975	22531.0625
975.2	0
975.4	60082.91
975.6	15020.7041
975.8	60082.91
976	0
976.2	15020.7041
976.4	7510.35059
976.6	22531.0625
976.8	7510.35059
977	7510.35059
977.2	0
977.4	7510.35059
977.6	0
977.8	30041.4238
978	37551.79
978.2	45062.16
978.4	7510.35059
978.6	0
978.8	15020.7041
979	0
979.2	0
979.4	67593.29
979.6	15020.7041
979.8	0
980	7510.35059
980.2	22531.0625
980.4	0
980.6	0
980.8	7510.35059
981	7510.35059
981.2	0
981.4	0
981.6	30041.4238
981.8	22531.0625
982	15020.7041
982.2	7510.35059
982.4	15020.7041
982.6	0
982.8	15020.7041
983	30041.4238
983.2	60082.91
983.4	30041.4238
983.6	0
983.8	15020.7041
984	82614.06
984.2	7510.35059
984.4	37551.79
984.6	7510.35059
984.8	0
985	0
985.2	15020.7041
985.4	0
985.6	7510.35059
985.8	0
986	7510.35059
986.2	0
986.4	7510.35059
986.6	15020.7041
986.8	22531.0625
987	0
987.2	7510.35059
987.4	15020.7041
987.6	0
987.8	15020.7041
988	37551.79
988.2	7510.35059
988.4	7510.35059
988.6	0
988.8	7510.35059
989	15020.7041
989.2	0
989.4	67593.29
989.6	15020.7041
989.8	7510.35059
990	0
990.2	22531.0625
990.4	22531.0625
990.6	0
990.8	0
991	0
991.2	15020.7041
991.4	37551.79
991.6	22531.0625
991.8	0
992	15020.7041
992.2	22531.0625
992.4	15020.7041
992.6	37551.79
992.8	67593.29
993	22531.0625
993.2	30041.4238
993.4	7510.35059
993.6	60082.91
993.8	30041.4238
994	7510.35059
994.2	7510.35059
994.4	0
994.6	0
994.8	15020.7041
995	0
995.2	37551.79
995.4	0
995.6	60082.91
995.8	0
996	15020.7041
996.2	30041.4238
996.4	22531.0625
996.6	0
996.8	45062.16
997	7510.35059
997.2	22531.0625
997.4	7510.35059
997.6	7510.35059
997.8	15020.7041
998	0
998.2	7510.35059
998.4	0
998.6	7510.35059
998.8	0
999	22531.0625
999.2	0
999.4	22531.0625
999.6	0
999.8	0
1000	15020.7041
1000.2	15020.7041
1000.4	7510.35059
1000.6	52572.5352
1000.8	0
1001	7510.35059
1001.2	30041.4238
1001.4	22531.0625
1001.6	0
1001.8	0
1002	0
1002.2	7510.35059
1002.4	7510.35059
1002.6	0
1002.8	7510.35059
1003	0
1003.2	22531.0625
1003.4	0
1003.6	7510.35059
1003.8	112655.648
1004	7510.35059
1004.2	22531.0625
1004.4	30041.4238
1004.6	45062.16
1004.8	37551.79
1005	22531.0625
1005.2	22531.0625
1005.4	22531.0625
1005.6	37551.79
1005.8	30041.4238
1006	45062.16
1006.2	30041.4238
1006.4	52572.5352
1006.6	60082.91
1006.8	90124.45
1007	15020.7041
1007.2	22531.0625
1007.4	22531.0625
1007.6	45062.16
1007.8	15020.7041
1008	37551.79
1008.2	22531.0625
1008.4	97634.84
1008.6	45062.16
1008.8	30041.4238
1009	105145.25
1009.2	15020.7041
1009.4	37551.79
1009.6	67593.29
1009.8	52572.5352
1010	37551.79
1010.2	37551.79
1010.4	7510.35059
1010.6	15020.7041
1010.8	7510.35059
1011	15020.7041
1011.2	67593.29
1011.4	60082.91
1011.6	52572.5352
1011.8	67593.29
1012	37551.79
1012.2	15020.7041
1012.4	15020.7041
1012.6	15020.7041
1012.8	82614.06
1013	0
1013.2	97634.84
1013.4	22531.0625
1013.6	75103.67
1013.8	22531.0625
1014	7510.35059
1014.2	7510.35059
1014.4	30041.4238
1014.6	52572.5352
1014.8	30041.4238
1015	45062.16
1015.2	7510.35059
1015.4	75103.67
1015.6	37551.79
1015.8	22531.0625
1016	7510.35059
1016.2	0
1016.4	15020.7041
1016.6	15020.7041
1016.8	0
1017	22531.0625
1017.2	0
1017.4	30041.4238
1017.6	0
1017.8	22531.0625
1018	30041.4238
1018.2	60082.91
1018.4	30041.4238
1018.6	37551.79
1018.8	105145.25
1019	7510.35059
1019.2	0
1019.4	52572.5352
1019.6	22531.0625
1019.8	22531.0625
1020	37551.79
1020.2	52572.5352
1020.4	7510.35059
1020.6	7510.35059
1020.8	15020.7041
1021	15020.7041
1021.2	22531.0625
1021.4	0
1021.6	22531.0625
1021.8	30041.4238
1022	22531.0625
1022.2	22531.0625
1022.4	30041.4238
1022.6	15020.7041
1022.8	15020.7041
1023	7510.35059
1023.2	45062.16
1023.4	30041.4238
1023.6	22531.0625
1023.8	45062.16
1024	30041.4238
1024.2	0
1024.4	0
1024.6	37551.79
1024.8	37551.79
1025	45062.16
1025.2	22531.0625
1025.4	15020.7041
1025.6	135186.875
1025.8	90124.45
1026	37551.79
1026.2	0
1026.4	30041.4238
1026.6	22531.0625
1026.8	15020.7041
1027	15020.7041
1027.2	67593.29
1027.4	45062.16
1027.6	7510.35059
1027.8	60082.91
1028	7510.35059
1028.2	15020.7041
1028.4	52572.5352
1028.6	22531.0625
1028.8	7510.35059
1029	52572.5352
1029.2	67593.29
1029.4	37551.79
1029.6	22531.0625
1029.8	22531.0625
1030	15020.7041
1030.2	22531.0625
1030.4	22531.0625
1030.6	22531.0625
1030.8	30041.4238
1031	60082.91
1031.2	30041.4238
1031.4	15020.7041
1031.6	30041.4238
1031.8	0
1032	60082.91
1032.2	37551.79
1032.4	45062.16
1032.6	127676.469
1032.8	15020.7041
1033	22531.0625
1033.2	82614.06
1033.4	30041.4238
1033.6	15020.7041
1033.8	37551.79
1034	45062.16
1034.2	60082.91
1034.4	67593.29
1034.6	22531.0625
1034.8	7510.35059
1035	60082.91
1035.2	30041.4238
1035.4	15020.7041
1035.6	22531.0625
1035.8	45062.16
1036	0
1036.2	82614.06
1036.4	7510.35059
1036.6	67593.29
1036.8	0
1037	45062.16
1037.2	0
1037.4	7510.35059
1037.6	22531.0625
1037.8	60082.91
1038	45062.16
1038.2	15020.7041
1038.4	45062.16
1038.6	7510.35059
1038.8	7510.35059
1039	7510.35059
1039.2	15020.7041
1039.4	45062.16
1039.6	30041.4238
1039.8	67593.29
1040	172739
1040.2	45062.16
1040.4	30041.4238
1040.6	15020.7041
1040.8	7510.35059
1041	15020.7041
1041.2	15020.7041
1041.4	22531.0625
1041.6	0
1041.8	22531.0625
1042	15020.7041
1042.2	0
1042.4	30041.4238
1042.6	7510.35059
1042.8	22531.0625
1043	15020.7041
1043.2	0
1043.4	22531.0625
1043.6	7510.35059
1043.8	30041.4238
1044	0
1044.2	52572.5352
1044.4	0
1044.6	37551.79
1044.8	45062.16
1045	37551.79
1045.2	0
1045.4	60082.91
1045.6	82614.06
1045.8	0
1046	75103.67
1046.2	15020.7041
1046.4	30041.4238
1046.6	37551.79
1046.8	15020.7041
1047	0
1047.2	7510.35059
1047.4	7510.35059
1047.6	30041.4238
1047.8	15020.7041
1048	15020.7041
1048.2	30041.4238
1048.4	22531.0625
1048.6	0
1048.8	7510.35059
1049	22531.0625
1049.2	0
1049.4	7510.35059
1049.6	15020.7041
1049.8	15020.7041
1050	7510.35059
1050.2	37551.79
1050.4	15020.7041
1050.6	45062.16
1050.8	52572.5352
1051	37551.79
1051.2	30041.4238
1051.4	7510.35059
1051.6	7510.35059
1051.8	30041.4238
1052	0
1052.2	15020.7041
1052.4	15020.7041
1052.6	7510.35059
1052.8	15020.7041
1053	7510.35059
1053.2	22531.0625
1053.4	15020.7041
1053.6	7510.35059
1053.8	15020.7041
1054	22531.0625
1054.2	0
1054.4	7510.35059
1054.6	15020.7041
1054.8	30041.4238
1055	142697.3
1055.2	22531.0625
1055.4	0
1055.6	7510.35059
1055.8	0
1056	52572.5352
1056.2	52572.5352
1056.4	247843.531
1056.6	165228.578
1056.8	90124.45
1057	30041.4238
1057.2	15020.7041
1057.4	0
1057.6	0
1057.8	37551.79
1058	15020.7041
1058.2	90124.45
1058.4	22531.0625
1058.6	22531.0625
1058.8	7510.35059
1059	15020.7041
1059.2	37551.79
1059.4	7510.35059
1059.6	22531.0625
1059.8	7510.35059
1060	15020.7041
1060.2	15020.7041
1060.4	0
1060.6	0
1060.8	30041.4238
1061	15020.7041
1061.2	7510.35059
1061.4	0
1061.6	0
1061.8	7510.35059
1062	7510.35059
1062.2	30041.4238
1062.4	7510.35059
1062.6	22531.0625
1062.8	7510.35059
1063	22531.0625
1063.2	7510.35059
1063.4	15020.7041
1063.6	45062.16
1063.8	22531.0625
1064	7510.35059
1064.2	22531.0625
1064.4	7510.35059
1064.6	15020.7041
1064.8	0
1065	0
1065.2	22531.0625
1065.4	22531.0625
1065.6	0
1065.8	7510.35059
1066	0
1066.2	7510.35059
1066.4	0
1066.6	15020.7041
1066.8	0
1067	15020.7041
1067.2	0
1067.4	0
1067.6	0
1067.8	0
1068	7510.35059
1068.2	22531.0625
1068.4	7510.35059
1068.6	7510.35059
1068.8	37551.79
1069	15020.7041
1069.2	0
1069.4	0
1069.6	15020.7041
1069.8	22531.0625
1070	15020.7041
1070.2	0
1070.4	7510.35059
1070.6	15020.7041
1070.8	52572.5352
1071	30041.4238
1071.2	7510.35059
1071.4	37551.79
1071.6	30041.4238
1071.8	7510.35059
1072	7510.35059
1072.2	7510.35059
1072.4	0
1072.6	0
1072.8	7510.35059
1073	52572.5352
1073.2	0
1073.4	37551.79
1073.6	7510.35059
1073.8	0
1074	15020.7041
1074.2	45062.16
1074.4	15020.7041
1074.6	22531.0625
1074.8	0
1075	22531.0625
1075.2	15020.7041
1075.4	22531.0625
1075.6	0
1075.8	45062.16
1076	0
1076.2	0
1076.4	0
1076.6	30041.4238
1076.8	7510.35059
1077	7510.35059
1077.2	7510.35059
1077.4	7510.35059
1077.6	60082.91
1077.8	75103.67
1078	45062.16
1078.2	30041.4238
1078.4	112655.648
1078.6	22531.0625
1078.8	0
1079	0
1079.2	0
1079.4	0
1079.6	0
1079.8	52572.5352
1080	30041.4238
1080.2	15020.7041
1080.4	37551.79
1080.6	45062.16
1080.8	60082.91
1081	97634.84
1081.2	0
1081.4	22531.0625
1081.6	0
1081.8	0
1082	7510.35059
1082.2	0
1082.4	7510.35059
1082.6	15020.7041
1082.8	22531.0625
1083	0
1083.2	37551.79
1083.4	30041.4238
1083.6	15020.7041
1083.8	52572.5352
1084	0
1084.2	7510.35059
1084.4	0
1084.6	0
1084.8	30041.4238
1085	0
1085.2	7510.35059
1085.4	0
1085.6	0
1085.8	15020.7041
1086	0
1086.2	30041.4238
1086.4	7510.35059
1086.6	0
1086.8	7510.35059
1087	15020.7041
1087.2	30041.4238
1087.4	0
1087.6	30041.4238
1087.8	15020.7041
1088	15020.7041
1088.2	45062.16
1088.4	0
1088.6	0
1088.8	0
1089	22531.0625
1089.2	0
1089.4	15020.7041
1089.6	45062.16
1089.8	0
1090	52572.5352
1090.2	7510.35059
1090.4	0
1090.6	45062.16
1090.8	15020.7041
1091	7510.35059
1091.2	0
1091.4	22531.0625
1091.6	67593.29
1091.8	30041.4238
1092	7510.35059
1092.2	0
1092.4	22531.0625
1092.6	37551.79
1092.8	0
1093	15020.7041
1093.2	0
1093.4	0
1093.6	52572.5352
1093.8	7510.35059
1094	22531.0625
1094.2	0
1094.4	0
1094.6	22531.0625
1094.8	0
1095	7510.35059
1095.2	0
1095.4	7510.35059
1095.6	37551.79
1095.8	7510.35059
1096	0
1096.2	0
1096.4	30041.4238
1096.6	7510.35059
1096.8	7510.35059
1097	7510.35059
1097.2	0
1097.4	15020.7041
1097.6	15020.7041
1097.8	0
1098	7510.35059
1098.2	0
1098.4	0
1098.6	15020.7041
1098.8	0
1099	0
1099.2	15020.7041
1099.4	67593.29
1099.6	7510.35059
1099.8	15020.7041
1100	30041.4238
1100.2	22531.0625
1100.4	22531.0625
1100.6	7510.35059
1100.8	0
1101	0
1101.2	15020.7041
1101.4	15020.7041
1101.6	0
1101.8	0
1102	0
1102.2	15020.7041
1102.4	22531.0625
1102.6	37551.79
1102.8	0
1103	37551.79
1103.2	7510.35059
1103.4	15020.7041
1103.6	7510.35059
1103.8	37551.79
1104	15020.7041
1104.2	7510.35059
1104.4	7510.35059
1104.6	15020.7041
1104.8	0
1105	0
1105.2	22531.0625
1105.4	0
1105.6	30041.4238
1105.8	37551.79
1106	0
1106.2	7510.35059
1106.4	22531.0625
1106.6	15020.7041
1106.8	0
1107	22531.0625
1107.2	7510.35059
1107.4	82614.06
1107.6	0
1107.8	15020.7041
1108	0
1108.2	7510.35059
1108.4	0
1108.6	7510.35059
1108.8	7510.35059
1109	22531.0625
1109.2	0
1109.4	15020.7041
1109.6	22531.0625
1109.8	7510.35059
1110	0
1110.2	22531.0625
1110.4	30041.4238
1110.6	30041.4238
1110.8	52572.5352
1111	7510.35059
1111.2	22531.0625
1111.4	15020.7041
1111.6	0
1111.8	0
1112	0
1112.2	15020.7041
1112.4	15020.7041
1112.6	7510.35059
1112.8	0
1113	0
1113.2	7510.35059
1113.4	0
1113.6	0
1113.8	7510.35059
1114	22531.0625
1114.2	15020.7041
1114.4	7510.35059
1114.6	7510.35059
1114.8	22531.0625
1115	22531.0625
1115.2	0
1115.4	15020.7041
1115.6	22531.0625
1115.8	15020.7041
1116	30041.4238
1116.2	22531.0625
1116.4	0
1116.6	0
1116.8	15020.7041
1117	15020.7041
1117.2	0
1117.4	0
1117.6	22531.0625
1117.8	15020.7041
1118	0
1118.2	30041.4238
1118.4	0
1118.6	67593.29
1118.8	52572.5352
1119	0
1119.2	7510.35059
1119.4	0
1119.6	0
1119.8	0
1120	7510.35059
</Trace>
