<Trace>
2526
D2 600:615-1120
X	Y
615	1174.17236
615.2	428.0229
615.4	678.0575
615.6	1376.23669
615.8	5702.06152
616	144037.484
616.2	751040.563
616.4	244441.5
616.6	43337.5039
616.8	468.027374
617	276.009521
617.2	1114.15515
617.4	1476.27234
617.6	460.026459
617.8	828.0857
618	3767.77368
618.2	1308.21387
618.4	268.008972
618.6	848.0899
618.8	498.031
619	490.030029
619.2	258.008331
619.4	180.004044
619.6	132.002182
619.8	218.005936
620	360.0162
620.2	1138.16187
620.4	928.107666
620.6	556.038635
620.8	1314.21582
621	6365.06
621.2	91453.66
621.4	620624.6
621.6	284156.938
621.8	54938.71
622	468.027374
622.2	562.0395
622.4	282.009949
622.6	94.00111
622.8	114.001625
623	98.0012
623.2	98.0012
623.4	92.00106
623.6	104.00135
623.8	94.00111
624	154.00296
624.2	646.0522
624.4	614.0471
624.6	290.0105
624.8	254.008072
625	304.011566
625.2	372.0173
625.4	1436.25781
625.6	2454.753
625.8	9106.354
626	345146.938
626.2	1280597.13
626.4	415184.156
626.6	66803.21
626.8	1254.19666
627	786.0772
627.2	420.022064
627.4	188.004425
627.6	118.00174
627.8	112.001572
628	136.002319
628.2	164.003357
628.4	140.002457
628.6	190.004517
628.8	676.0571
629	848.0899
629.2	510.0325
629.4	862.0929
629.6	2981.11035
629.8	59123.7461
630	434398.969
630.2	231526.078
630.4	33763.9023
630.6	506.032
630.8	1126.15845
631	734.0673
631.2	294.0108
631.4	218.005936
631.6	228.0065
631.8	386.018616
632	666.0554
632.2	4214.21875
632.4	7929.85254
632.6	19220.0664
632.8	659768.25
633	972273.7
633.2	259793.2
633.4	45493.2422
633.6	654.053467
633.8	292.010651
634	138.00238
634.2	174.003784
634.4	178.003967
634.6	354.015656
634.8	440.0242
635	268.008972
635.2	256.008179
635.4	300.011261
635.6	310.012024
635.8	404.020416
636	518.033569
636.2	576.0415
636.4	612.0468
636.6	596.044434
636.8	1034.13367
637	1680.35291
637.2	4164.1665
637.4	12304.8975
637.6	154488.828
637.8	1518469.5
638	1459370.38
638.2	303798.625
638.4	15291.1719
638.6	1360.2312
638.8	1590.316
639	2786.97046
639.2	7545.10938
639.4	27764.0215
639.6	920917.438
639.8	1868231.38
640	588734.1
640.2	105620.281
640.4	2857.02
640.6	1992.49609
640.8	760.0722
641	518.033569
641.2	338.014282
641.4	326.013275
641.6	548.037537
641.8	692.0599
642	280.0098
642.2	234.006851
642.4	212.005615
642.6	150.0028
642.8	158.003128
643	162.003281
643.2	138.00238
643.4	146.00267
643.6	106.0014
643.8	204.0052
644	748.069946
644.2	742.068848
644.4	234.006851
644.6	94.00111
644.8	96.00115
645	132.002182
645.2	90.0010147
645.4	106.0014
645.6	120.0018
645.8	108.001457
646	132.002182
646.2	100.001251
646.4	96.00115
646.6	114.001625
646.8	114.001625
647	158.003128
647.2	182.004135
647.4	156.003036
647.6	164.003357
647.8	156.003036
648	210.005508
648.2	218.005936
648.4	256.008179
648.6	302.0114
648.8	318.012634
649	434.02356
649.2	452.025543
649.4	654.053467
649.6	1360.2312
649.8	3291.35352
650	9318.843
650.2	190222
650.4	1127007.5
650.6	1109573.38
650.8	213761.078
651	11622.8623
651.2	588.0432
651.4	280.0098
651.6	172.0037
651.8	222.006165
652	172.0037
652.2	332.013763
652.4	734.0673
652.6	2100.55151
652.8	8589.212
653	259002.313
653.2	666236.438
653.4	223451.75
653.6	42892.7461
653.8	462.026672
654	226.006378
654.2	86.00092
654.4	100.001251
654.6	70.00061
654.8	126.001984
655	138.00238
655.2	76.0007248
655.4	70.00061
655.6	94.00111
655.8	74.00069
656	122.001862
656.2	100.001251
656.4	98.0012
656.6	102.0013
656.8	74.00069
657	138.00238
657.2	100.001251
657.4	142.002518
657.6	102.0013
657.8	148.002731
658	140.002457
658.2	114.001625
658.4	182.004135
658.6	200.005
658.8	248.00769
659	424.022461
659.2	872.095032
659.4	2350.69043
659.6	11009.1289
659.8	307040.7
660	680694.5
660.2	255441.953
660.4	50733.71
660.6	1698.36047
660.8	546.0373
661	238.00708
661.2	160.0032
661.4	122.001862
661.6	82.00084
661.8	84.000885
662	90.0010147
662.2	58.00042
662.4	96.00115
662.6	66.00054
662.8	62.00048
663	100.001251
663.2	74.00069
663.4	72.00065
663.6	84.000885
663.8	118.00174
664	122.001862
664.2	136.002319
664.4	76.0007248
664.6	76.0007248
664.8	156.003036
665	190.004517
665.2	1094.14966
665.4	2598.844
665.6	952.1133
665.8	318.012634
666	188.004425
666.2	136.002319
666.4	220.006058
666.6	280.0098
666.8	514.033
667	680.0578
667.2	1290.208
667.4	3363.41357
667.6	22545.3574
667.8	552026.938
668	1011343
668.2	312167.625
668.4	52737.38
668.6	1998.49915
668.8	1068.14258
669	578.041748
669.2	298.0111
669.4	214.005722
669.6	202.0051
669.8	160.0032
670	148.002731
670.2	168.003525
670.4	174.003784
670.6	272.009247
670.8	290.0105
671	652.053162
671.2	2000.50012
671.4	10794.5459
671.6	306542.563
671.8	637359.4
672	258060.25
672.2	38496.36
672.4	1278.20422
672.6	488.029755
672.8	256.008179
673	192.004608
673.2	88.00097
673.4	90.0010147
673.6	156.003036
673.8	470.027618
674	460.026459
674.2	104.00135
674.4	54.0003662
674.6	40.0002
674.8	22.000061
675	56.0003929
675.2	90.0010147
675.4	128.002045
675.6	92.00106
675.8	62.00048
676	82.00084
676.2	62.00048
676.4	14.0000248
676.6	20.00005
676.8	20.00005
677	36.00016
677.2	12.0000181
677.4	24.0000725
677.6	30.0001125
677.8	24.0000725
678	34.000145
678.2	26.0000839
678.4	40.0002
678.6	42.00022
678.8	28.0000973
679	40.0002
679.2	14.0000248
679.4	14.0000248
679.6	16.0000324
679.8	30.0001125
680	20.00005
680.2	14.0000248
680.4	36.00016
680.6	24.0000725
680.8	32.00013
681	20.00005
681.2	26.0000839
681.4	28.0000973
681.6	8.000008
681.8	42.00022
682	38.00018
682.2	26.0000839
682.4	42.00022
682.6	30.0001125
682.8	46.0002632
683	62.00048
683.2	728.0663
683.4	898.1008
683.6	212.005615
683.8	46.0002632
684	38.00018
684.2	26.0000839
684.4	102.0013
684.6	64.00051
684.8	24.0000725
685	24.0000725
685.2	26.0000839
685.4	46.0002632
685.6	36.00016
685.8	42.00022
686	58.00042
686.2	32.00013
686.4	60.00045
686.6	46.0002632
686.8	128.002045
687	76.0007248
687.2	34.000145
687.4	34.000145
687.6	20.00005
687.8	64.00051
688	50.0003128
688.2	34.000145
688.4	34.000145
688.6	52.00034
688.8	100.001251
689	344.0148
689.2	454.025757
689.4	152.002884
689.6	92.00106
689.8	150.0028
690	72.00065
690.2	224.006271
690.4	548.037537
690.6	392.0192
690.8	138.00238
691	162.003281
691.2	226.006378
691.4	320.0128
691.6	710.063
691.8	1206.18188
692	2756.94971
692.2	12040.0928
692.4	336995.969
692.6	781896.1
692.8	239450.8
693	27741.87
693.2	1396.24365
693.4	638.0509
693.6	282.009949
693.8	306.011719
694	586.0429
694.2	516.033264
694.4	92.00106
694.6	60.00045
694.8	66.00054
695	66.00054
695.2	34.000145
695.4	26.0000839
695.6	30.0001125
695.8	90.0010147
696	258.008331
696.2	280.0098
696.4	76.0007248
696.6	22.000061
696.8	32.00013
697	18.00004
697.2	28.0000973
697.4	52.00034
697.6	26.0000839
697.8	16.0000324
698	62.00048
698.2	22.000061
698.4	56.0003929
698.6	64.00051
698.8	36.00016
699	118.00174
699.2	164.003357
699.4	122.001862
699.6	132.002182
699.8	326.013275
700	302.0114
700.2	208.0054
700.4	292.010651
700.6	368.016937
700.8	460.026459
701	650.0528
701.2	758.071838
701.4	1122.15735
701.6	1958.47937
701.8	20182.79
702	60786.39
702.2	42278.2578
702.4	35262.75
702.6	513559.2
702.8	1966748.38
703	1756044
703.2	527375.563
703.4	46956
703.6	2700.91162
703.8	2206.6084
704	834.087
704.2	142.002518
704.4	88.00097
704.6	510.0325
704.8	1462.26721
705	952.1133
705.2	384.018433
705.4	3169.25513
705.6	7462.95557
705.8	3157.24561
706	838.087769
706.2	106.0014
706.4	162.003281
706.6	126.001984
706.8	78.00076
707	30.0001125
707.2	18.00004
707.4	34.000145
707.6	36.00016
707.8	22.000061
708	28.0000973
708.2	46.0002632
708.4	34.000145
708.6	16.0000324
708.8	26.0000839
709	38.00018
709.2	22.000061
709.4	64.00051
709.6	14.0000248
709.8	14.0000248
710	28.0000973
710.2	18.00004
710.4	14.0000248
710.6	24.0000725
710.8	20.00005
711	62.00048
711.2	110.001511
711.4	78.00076
711.6	26.0000839
711.8	20.00005
712	30.0001125
712.2	36.00016
712.4	32.00013
712.6	24.0000725
712.8	34.000145
713	18.00004
713.2	28.0000973
713.4	40.0002
713.6	60.00045
713.8	56.0003929
714	30.0001125
714.2	50.0003128
714.4	42.00022
714.6	26.0000839
714.8	84.000885
715	34.000145
715.2	42.00022
715.4	46.0002632
715.6	54.0003662
715.8	38.00018
716	22.000061
716.2	50.0003128
716.4	46.0002632
716.6	110.001511
716.8	284.010071
717	1348.22717
717.2	24800.6465
717.4	72378.97
717.6	54557.5469
717.8	15066.3213
718	1510.285
718.2	174.003784
718.4	130.0021
718.6	914.104431
718.8	1270.20166
719	570.0406
719.2	54.0003662
719.4	26.0000839
719.6	40.0002
719.8	44.00024
720	252.007935
720.2	234.006851
720.4	152.002884
720.6	16.0000324
720.8	30.0001125
721	42.00022
721.2	46.0002632
721.4	40.0002
721.6	32.00013
721.8	74.00069
722	98.0012
722.2	94.00111
722.4	110.001511
722.6	166.003448
722.8	162.003281
723	270.009125
723.2	196.0048
723.4	236.006958
723.6	350.01532
723.8	634.050232
724	1420.25208
724.2	5635.968
724.4	110129.477
724.6	676883.7
724.8	933449.438
725	246228.25
725.2	41589.09
725.4	648.0525
725.6	174.003784
725.8	132.002182
726	40.0002
726.2	74.00069
726.4	36.00016
726.6	36.00016
726.8	122.001862
727	126.001984
727.2	50.0003128
727.4	38.00018
727.6	82.00084
727.8	34.000145
728	24.0000725
728.2	10.0000124
728.4	26.0000839
728.6	26.0000839
728.8	14.0000248
729	40.0002
729.2	28.0000973
729.4	12.0000181
729.6	8.000008
729.8	28.0000973
730	8.000008
730.2	24.0000725
730.4	42.00022
730.6	62.00048
730.8	44.00024
731	38.00018
731.2	18.00004
731.4	16.0000324
731.6	10.0000124
731.8	28.0000973
732	36.00016
732.2	12.0000181
732.4	26.0000839
732.6	24.0000725
732.8	18.00004
733	26.0000839
733.2	14.0000248
733.4	8.000008
733.6	30.0001125
733.8	24.0000725
734	14.0000248
734.2	14.0000248
734.4	8.000008
734.6	28.0000973
734.8	8.000008
735	14.0000248
735.2	10.0000124
735.4	12.0000181
735.6	14.0000248
735.8	20.00005
736	6.00000429
736.2	30.0001125
736.4	72.00065
736.6	36.00016
736.8	14.0000248
737	42.00022
737.2	64.00051
737.4	28.0000973
737.6	26.0000839
737.8	20.00005
738	4.000002
738.2	82.00084
738.4	212.005615
738.6	88.00097
738.8	64.00051
739	10.0000124
739.2	32.00013
739.4	16.0000324
739.6	0
739.8	14.0000248
740	42.00022
740.2	68.00058
740.4	26.0000839
740.6	18.00004
740.8	18.00004
741	20.00005
741.2	22.000061
741.4	46.0002632
741.6	42.00022
741.8	28.0000973
742	46.0002632
742.2	72.00065
742.4	88.00097
742.6	94.00111
742.8	116.001678
743	302.0114
743.2	1186.1759
743.4	33392.8047
743.6	132292.063
743.8	188046.688
744	58912.668
744.2	7849.695
744.4	134.002243
744.6	60.00045
744.8	30.0001125
745	16.0000324
745.2	14.0000248
745.4	26.0000839
745.6	6.00000429
745.8	10.0000124
746	12.0000181
746.2	10.0000124
746.4	14.0000248
746.6	66.00054
746.8	1174.17236
747	2544.80933
747.2	1594.31763
747.4	438.024
747.6	30.0001125
747.8	64.00051
748	126.001984
748.2	552.0381
748.4	9934.321
748.6	31136.7168
748.8	38318.6641
749	11695.0723
749.2	714.0637
749.4	70.00061
749.6	32.00013
749.8	52.00034
750	160.0032
750.2	188.004425
750.4	80.0008
750.6	20.00005
750.8	28.0000973
751	96.00115
751.2	216.005829
751.4	100.001251
751.6	32.00013
751.8	32.00013
752	4.000002
752.2	16.0000324
752.4	16.0000324
752.6	66.00054
752.8	322.01297
753	4696.756
753.2	27250.5078
753.4	37975.4141
753.6	10892.8115
753.8	4278.28662
754	13119.4795
754.2	15459.8184
754.4	4648.69971
754.6	592.0438
754.8	6.00000429
755	30.0001125
755.2	14.0000248
755.4	10.0000124
755.6	22.000061
755.8	24.0000725
756	16.0000324
756.2	2.00000048
756.4	22.000061
756.6	12.0000181
756.8	24.0000725
757	6.00000429
757.2	14.0000248
757.4	14.0000248
757.6	4.000002
757.8	16.0000324
758	8.000008
758.2	8.000008
758.4	16.0000324
758.6	10.0000124
758.8	14.0000248
759	24.0000725
759.2	4.000002
759.4	26.0000839
759.6	2.00000048
759.8	14.0000248
760	8.000008
760.2	16.0000324
760.4	12.0000181
760.6	22.000061
760.8	10.0000124
761	10.0000124
761.2	12.0000181
761.4	14.0000248
761.6	10.0000124
761.8	8.000008
762	40.0002
762.2	26.0000839
762.4	4.000002
762.6	12.0000181
762.8	46.0002632
763	268.008972
763.2	580.042053
763.4	390.019
763.6	94.00111
763.8	14.0000248
764	6.00000429
764.2	14.0000248
764.4	14.0000248
764.6	18.00004
764.8	22.000061
765	20.00005
765.2	14.0000248
765.4	24.0000725
765.6	16.0000324
765.8	0
766	10.0000124
766.2	14.0000248
766.4	12.0000181
766.6	12.0000181
766.8	8.000008
767	6.00000429
767.2	12.0000181
767.4	8.000008
767.6	10.0000124
767.8	8.000008
768	10.0000124
768.2	6.00000429
768.4	22.000061
768.6	20.00005
768.8	14.0000248
769	14.0000248
769.2	10.0000124
769.4	16.0000324
769.6	6.00000429
769.8	4.000002
770	16.0000324
770.2	12.0000181
770.4	6.00000429
770.6	6.00000429
770.8	14.0000248
771	10.0000124
771.2	10.0000124
771.4	4.000002
771.6	6.00000429
771.8	8.000008
772	34.000145
772.2	120.0018
772.4	212.005615
772.6	78.00076
772.8	38.00018
773	8.000008
773.2	2.00000048
773.4	30.0001125
773.6	10.0000124
773.8	8.000008
774	2.00000048
774.2	16.0000324
774.4	4.000002
774.6	0
774.8	30.0001125
775	10.0000124
775.2	12.0000181
775.4	24.0000725
775.6	4.000002
775.8	2.00000048
776	10.0000124
776.2	4.000002
776.4	12.0000181
776.6	16.0000324
776.8	8.000008
777	8.000008
777.2	4.000002
777.4	2.00000048
777.6	16.0000324
777.8	0
778	6.00000429
778.2	2.00000048
778.4	2.00000048
778.6	4.000002
778.8	12.0000181
779	16.0000324
779.2	10.0000124
779.4	10.0000124
779.6	8.000008
779.8	0
780	22.000061
780.2	6.00000429
780.4	0
780.6	16.0000324
780.8	0
781	12.0000181
781.2	10.0000124
781.4	16.0000324
781.6	4.000002
781.8	20.00005
782	20.00005
782.2	10.0000124
782.4	20.00005
782.6	12.0000181
782.8	6.00000429
783	8.000008
783.2	16.0000324
783.4	14.0000248
783.6	4.000002
783.8	16.0000324
784	34.000145
784.2	30.0001125
784.4	36.00016
784.6	42.00022
784.8	12.0000181
785	8.000008
785.2	12.0000181
785.4	0
785.6	10.0000124
785.8	6.00000429
786	8.000008
786.2	12.0000181
786.4	4.000002
786.6	4.000002
786.8	4.000002
787	8.000008
787.2	8.000008
787.4	8.000008
787.6	0
787.8	4.000002
788	6.00000429
788.2	26.0000839
788.4	8.000008
788.6	16.0000324
788.8	6.00000429
789	0
789.2	12.0000181
789.4	30.0001125
789.6	2.00000048
789.8	2.00000048
790	20.00005
790.2	12.0000181
790.4	24.0000725
790.6	4.000002
790.8	2.00000048
791	0
791.2	2.00000048
791.4	18.00004
791.6	12.0000181
791.8	6.00000429
792	4.000002
792.2	10.0000124
792.4	2.00000048
792.6	4.000002
792.8	42.00022
793	84.000885
793.2	38.00018
793.4	16.0000324
793.6	50.0003128
793.8	234.006851
794	222.006165
794.2	490.030029
794.4	1068.14258
794.6	1192.17761
794.8	606.0459
795	212.005615
795.2	90.0010147
795.4	32.00013
795.6	8.000008
795.8	0
796	6.00000429
796.2	2.00000048
796.4	10.0000124
796.6	2.00000048
796.8	6.00000429
797	8.000008
797.2	6.00000429
797.4	0
797.6	6.00000429
797.8	4.000002
798	6.00000429
798.2	6.00000429
798.4	6.00000429
798.6	22.000061
798.8	2.00000048
799	4.000002
799.2	8.000008
799.4	8.000008
799.6	6.00000429
799.8	14.0000248
800	4.000002
800.2	20.00005
800.4	28.0000973
800.6	84.000885
800.8	18.00004
801	10.0000124
801.2	56.0003929
801.4	56.0003929
801.6	58.00042
801.8	14.0000248
802	8.000008
802.2	0
802.4	12.0000181
802.6	4.000002
802.8	4.000002
803	12.0000181
803.2	4.000002
803.4	0
803.6	6.00000429
803.8	14.0000248
804	0
804.2	10.0000124
804.4	6.00000429
804.6	6.00000429
804.8	20.00005
805	4.000002
805.2	8.000008
805.4	4.000002
805.6	8.000008
805.8	6.00000429
806	4.000002
806.2	8.000008
806.4	10.0000124
806.6	4.000002
806.8	20.00005
807	8.000008
807.2	20.00005
807.4	24.0000725
807.6	58.00042
807.8	798.0796
808	2360.69629
808.2	2911.05884
808.4	1092.149
808.6	140.002457
808.8	46.0002632
809	30.0001125
809.2	16.0000324
809.4	8.000008
809.6	2.00000048
809.8	44.00024
810	72.00065
810.2	96.00115
810.4	22.000061
810.6	20.00005
810.8	34.000145
811	138.00238
811.2	296.010956
811.4	392.0192
811.6	368.016937
811.8	156.003036
812	40.0002
812.2	14.0000248
812.4	28.0000973
812.6	106.0014
812.8	88.00097
813	296.010956
813.2	1012.12805
813.4	1250.19531
813.6	470.027618
813.8	110.001511
814	6.00000429
814.2	4.000002
814.4	6.00000429
814.6	0
814.8	0
815	8.000008
815.2	2.00000048
815.4	8.000008
815.6	8.000008
815.8	6.00000429
816	2.00000048
816.2	0
816.4	8.000008
816.6	2.00000048
816.8	0
817	4.000002
817.2	2.00000048
817.4	8.000008
817.6	10.0000124
817.8	12.0000181
818	2.00000048
818.2	14.0000248
818.4	4.000002
818.6	2.00000048
818.8	4.000002
819	4.000002
819.2	8.000008
819.4	4.000002
819.6	12.0000181
819.8	6.00000429
820	6.00000429
820.2	6.00000429
820.4	10.0000124
820.6	4.000002
820.8	0
821	14.0000248
821.2	6.00000429
821.4	2.00000048
821.6	4.000002
821.8	10.0000124
822	4.000002
822.2	6.00000429
822.4	8.000008
822.6	0
822.8	2.00000048
823	12.0000181
823.2	4.000002
823.4	6.00000429
823.6	8.000008
823.8	4.000002
824	16.0000324
824.2	0
824.4	14.0000248
824.6	4.000002
824.8	22.000061
825	0
825.2	0
825.4	10.0000124
825.6	46.0002632
825.8	72.00065
826	38.00018
826.2	86.00092
826.4	170.003616
826.6	156.003036
826.8	40.0002
827	4.000002
827.2	16.0000324
827.4	14.0000248
827.6	0
827.8	4.000002
828	2.00000048
828.2	4.000002
828.4	6.00000429
828.6	6.00000429
828.8	8.000008
829	2.00000048
829.2	10.0000124
829.4	46.0002632
829.6	196.0048
829.8	642.0515
830	1242.19287
830.2	624.0487
830.4	184.004227
830.6	12.0000181
830.8	4.000002
831	0
831.2	14.0000248
831.4	2.00000048
831.6	6.00000429
831.8	0
832	8.000008
832.2	2.00000048
832.4	2.00000048
832.6	2.00000048
832.8	10.0000124
833	24.0000725
833.2	4.000002
833.4	10.0000124
833.6	6.00000429
833.8	10.0000124
834	4.000002
834.2	8.000008
834.4	0
834.6	0
834.8	4.000002
835	8.000008
835.2	6.00000429
835.4	2.00000048
835.6	10.0000124
835.8	8.000008
836	0
836.2	4.000002
836.4	48.0002861
836.6	68.00058
836.8	116.001678
837	30.0001125
837.2	6.00000429
837.4	38.00018
837.6	858.092041
837.8	2102.55249
838	3597.61719
838.2	1210.183
838.4	260.008453
838.6	12.0000181
838.8	8.000008
839	8.000008
839.2	0
839.4	12.0000181
839.6	0
839.8	16.0000324
840	4.000002
840.2	0
840.4	6.00000429
840.6	2.00000048
840.8	2.00000048
841	22.000061
841.2	2.00000048
841.4	4.000002
841.6	40.0002
841.8	92.00106
842	374.0175
842.2	268.008972
842.4	82.00084
842.6	36.00016
842.8	6.00000429
843	12.0000181
843.2	4.000002
843.4	2.00000048
843.6	0
843.8	14.0000248
844	0
844.2	2.00000048
844.4	8.000008
844.6	0
844.8	4.000002
845	2.00000048
845.2	14.0000248
845.4	2.00000048
845.6	2.00000048
845.8	4.000002
846	0
846.2	6.00000429
846.4	44.00024
846.6	48.0002861
846.8	26.0000839
847	0
847.2	2.00000048
847.4	4.000002
847.6	10.0000124
847.8	4.000002
848	4.000002
848.2	0
848.4	4.000002
848.6	10.0000124
848.8	2.00000048
849	4.000002
849.2	10.0000124
849.4	108.001457
849.6	300.011261
849.8	578.041748
850	228.0065
850.2	56.0003929
850.4	6.00000429
850.6	4.000002
850.8	0
851	0
851.2	10.0000124
851.4	2.00000048
851.6	0
851.8	10.0000124
852	4.000002
852.2	14.0000248
852.4	12.0000181
852.6	0
852.8	0
853	0
853.2	2.00000048
853.4	4.000002
853.6	10.0000124
853.8	2.00000048
854	10.0000124
854.2	10.0000124
854.4	2.00000048
854.6	6.00000429
854.8	12.0000181
855	0
855.2	10.0000124
855.4	2.00000048
855.6	22.000061
855.8	6.00000429
856	4.000002
856.2	0
856.4	2.00000048
856.6	4.000002
856.8	8.000008
857	6.00000429
857.2	4.000002
857.4	8.000008
857.6	0
857.8	4.000002
858	6.00000429
858.2	8.000008
858.4	0
858.6	4.000002
858.8	0
859	8.000008
859.2	24.0000725
859.4	10.0000124
859.6	10.0000124
859.8	0
860	16.0000324
860.2	0
860.4	0
860.6	10.0000124
860.8	8.000008
861	0
861.2	16.0000324
861.4	10.0000124
861.6	4.000002
861.8	0
862	6.00000429
862.2	2.00000048
862.4	6.00000429
862.6	0
862.8	0
863	2.00000048
863.2	56.0003929
863.4	34.000145
863.6	14.0000248
863.8	10.0000124
864	8.000008
864.2	0
864.4	0
864.6	0
864.8	22.000061
865	20.00005
865.2	14.0000248
865.4	16.0000324
865.6	26.0000839
865.8	4.000002
866	0
866.2	4.000002
866.4	8.000008
866.6	14.0000248
866.8	4.000002
867	8.000008
867.2	0
867.4	0
867.6	14.0000248
867.8	22.000061
868	16.0000324
868.2	2.00000048
868.4	18.00004
868.6	6.00000429
868.8	8.000008
869	8.000008
869.2	0
869.4	10.0000124
869.6	6.00000429
869.8	6.00000429
870	0
870.2	0
870.4	2.00000048
870.6	0
870.8	10.0000124
871	2.00000048
871.2	0
871.4	2.00000048
871.6	14.0000248
871.8	0
872	8.000008
872.2	2.00000048
872.4	6.00000429
872.6	6.00000429
872.8	2.00000048
873	0
873.2	0
873.4	0
873.6	6.00000429
873.8	0
874	12.0000181
874.2	0
874.4	4.000002
874.6	6.00000429
874.8	0
875	2.00000048
875.2	6.00000429
875.4	0
875.6	8.000008
875.8	0
876	0
876.2	0
876.4	0
876.6	4.000002
876.8	6.00000429
877	2.00000048
877.2	2.00000048
877.4	8.000008
877.6	16.0000324
877.8	18.00004
878	22.000061
878.2	16.0000324
878.4	0
878.6	2.00000048
878.8	2.00000048
879	6.00000429
879.2	0
879.4	10.0000124
879.6	0
879.8	0
880	4.000002
880.2	6.00000429
880.4	4.000002
880.6	2.00000048
880.8	8.000008
881	0
881.2	6.00000429
881.4	0
881.6	0
881.8	4.000002
882	8.000008
882.2	0
882.4	0
882.6	2.00000048
882.8	6.00000429
883	8.000008
883.2	0
883.4	6.00000429
883.6	10.0000124
883.8	10.0000124
884	0
884.2	4.000002
884.4	4.000002
884.6	2.00000048
884.8	10.0000124
885	0
885.2	2.00000048
885.4	18.00004
885.6	10.0000124
885.8	2.00000048
886	0
886.2	8.000008
886.4	2.00000048
886.6	2.00000048
886.8	10.0000124
887	4.000002
887.2	14.0000248
887.4	6.00000429
887.6	6.00000429
887.8	6.00000429
888	4.000002
888.2	14.0000248
888.4	0
888.6	2.00000048
888.8	6.00000429
889	0
889.2	2.00000048
889.4	16.0000324
889.6	0
889.8	0
890	0
890.2	2.00000048
890.4	2.00000048
890.6	4.000002
890.8	0
891	10.0000124
891.2	4.000002
891.4	0
891.6	4.000002
891.8	2.00000048
892	4.000002
892.2	0
892.4	16.0000324
892.6	0
892.8	0
893	4.000002
893.2	2.00000048
893.4	0
893.6	4.000002
893.8	2.00000048
894	0
894.2	4.000002
894.4	4.000002
894.6	8.000008
894.8	2.00000048
895	4.000002
895.2	10.0000124
895.4	4.000002
895.6	10.0000124
895.8	10.0000124
896	6.00000429
896.2	0
896.4	0
896.6	2.00000048
896.8	0
897	0
897.2	0
897.4	10.0000124
897.6	2.00000048
897.8	14.0000248
898	8.000008
898.2	20.00005
898.4	4.000002
898.6	2.00000048
898.8	0
899	0
899.2	8.000008
899.4	16.0000324
899.6	16.0000324
899.8	4.000002
900	4.000002
900.2	0
900.4	24.0000725
900.6	2.00000048
900.8	4.000002
901	4.000002
901.2	2.00000048
901.4	4.000002
901.6	6.00000429
901.8	0
902	14.0000248
902.2	6.00000429
902.4	2.00000048
902.6	0
902.8	6.00000429
903	6.00000429
903.2	4.000002
903.4	0
903.6	2.00000048
903.8	2.00000048
904	6.00000429
904.2	0
904.4	0
904.6	10.0000124
904.8	2.00000048
905	0
905.2	2.00000048
905.4	6.00000429
905.6	0
905.8	6.00000429
906	0
906.2	0
906.4	4.000002
906.6	14.0000248
906.8	6.00000429
907	0
907.2	16.0000324
907.4	2.00000048
907.6	0
907.8	0
908	0
908.2	10.0000124
908.4	4.000002
908.6	0
908.8	2.00000048
909	0
909.2	0
909.4	4.000002
909.6	4.000002
909.8	4.000002
910	0
910.2	0
910.4	2.00000048
910.6	4.000002
910.8	0
911	8.000008
911.2	0
911.4	2.00000048
911.6	2.00000048
911.8	2.00000048
912	4.000002
912.2	4.000002
912.4	0
912.6	0
912.8	0
913	2.00000048
913.2	0
913.4	0
913.6	0
913.8	0
914	8.000008
914.2	0
914.4	2.00000048
914.6	8.000008
914.8	0
915	8.000008
915.2	0
915.4	8.000008
915.6	8.000008
915.8	4.000002
916	0
916.2	0
916.4	0
916.6	8.000008
916.8	0
917	2.00000048
917.2	4.000002
917.4	6.00000429
917.6	20.00005
917.8	0
918	2.00000048
918.2	14.0000248
918.4	2.00000048
918.6	4.000002
918.8	0
919	0
919.2	18.00004
919.4	0
919.6	0
919.8	6.00000429
920	0
920.2	6.00000429
920.4	4.000002
920.6	0
920.8	0
921	4.000002
921.2	6.00000429
921.4	0
921.6	0
921.8	0
922	8.000008
922.2	8.000008
922.4	6.00000429
922.6	2.00000048
922.8	0
923	6.00000429
923.2	8.000008
923.4	8.000008
923.6	6.00000429
923.8	6.00000429
924	8.000008
924.2	12.0000181
924.4	6.00000429
924.6	0
924.8	2.00000048
925	2.00000048
925.2	0
925.4	2.00000048
925.6	10.0000124
925.8	2.00000048
926	0
926.2	6.00000429
926.4	2.00000048
926.6	0
926.8	0
927	8.000008
927.2	0
927.4	20.00005
927.6	0
927.8	36.00016
928	4.000002
928.2	4.000002
928.4	0
928.6	2.00000048
928.8	22.000061
929	2.00000048
929.2	10.0000124
929.4	0
929.6	2.00000048
929.8	4.000002
930	0
930.2	2.00000048
930.4	2.00000048
930.6	0
930.8	2.00000048
931	4.000002
931.2	2.00000048
931.4	4.000002
931.6	2.00000048
931.8	8.000008
932	4.000002
932.2	0
932.4	6.00000429
932.6	2.00000048
932.8	0
933	8.000008
933.2	18.00004
933.4	0
933.6	6.00000429
933.8	4.000002
934	4.000002
934.2	0
934.4	0
934.6	0
934.8	2.00000048
935	0
935.2	0
935.4	2.00000048
935.6	6.00000429
935.8	0
936	0
936.2	2.00000048
936.4	4.000002
936.6	4.000002
936.8	2.00000048
937	2.00000048
937.2	2.00000048
937.4	6.00000429
937.6	4.000002
937.8	0
938	2.00000048
938.2	6.00000429
938.4	2.00000048
938.6	6.00000429
938.8	8.000008
939	6.00000429
939.2	0
939.4	0
939.6	2.00000048
939.8	0
940	2.00000048
940.2	2.00000048
940.4	48.0002861
940.6	2.00000048
940.8	4.000002
941	0
941.2	4.000002
941.4	0
941.6	2.00000048
941.8	2.00000048
942	16.0000324
942.2	12.0000181
942.4	8.000008
942.6	2.00000048
942.8	4.000002
943	0
943.2	0
943.4	0
943.6	4.000002
943.8	2.00000048
944	0
944.2	2.00000048
944.4	0
944.6	2.00000048
944.8	4.000002
945	0
945.2	6.00000429
945.4	0
945.6	0
945.8	6.00000429
946	0
946.2	4.000002
946.4	4.000002
946.6	10.0000124
946.8	0
947	0
947.2	0
947.4	6.00000429
947.6	4.000002
947.8	10.0000124
948	4.000002
948.2	6.00000429
948.4	0
948.6	4.000002
948.8	0
949	4.000002
949.2	2.00000048
949.4	8.000008
949.6	6.00000429
949.8	0
950	6.00000429
950.2	0
950.4	0
950.6	6.00000429
950.8	6.00000429
951	0
951.2	0
951.4	2.00000048
951.6	0
951.8	2.00000048
952	0
952.2	0
952.4	4.000002
952.6	0
952.8	0
953	0
953.2	4.000002
953.4	0
953.6	0
953.8	0
954	6.00000429
954.2	0
954.4	8.000008
954.6	2.00000048
954.8	0
955	2.00000048
955.2	18.00004
955.4	0
955.6	2.00000048
955.8	18.00004
956	0
956.2	8.000008
956.4	0
956.6	0
956.8	2.00000048
957	0
957.2	0
957.4	2.00000048
957.6	0
957.8	0
958	2.00000048
958.2	0
958.4	8.000008
958.6	2.00000048
958.8	4.000002
959	2.00000048
959.2	8.000008
959.4	10.0000124
959.6	28.0000973
959.8	10.0000124
960	0
960.2	0
960.4	0
960.6	2.00000048
960.8	6.00000429
961	2.00000048
961.2	0
961.4	0
961.6	4.000002
961.8	12.0000181
962	12.0000181
962.2	2.00000048
962.4	10.0000124
962.6	2.00000048
962.8	6.00000429
963	22.000061
963.2	0
963.4	6.00000429
963.6	0
963.8	2.00000048
964	0
964.2	2.00000048
964.4	6.00000429
964.6	6.00000429
964.8	0
965	0
965.2	6.00000429
965.4	0
965.6	8.000008
965.8	2.00000048
966	8.000008
966.2	2.00000048
966.4	2.00000048
966.6	0
966.8	2.00000048
967	6.00000429
967.2	4.000002
967.4	4.000002
967.6	14.0000248
967.8	6.00000429
968	4.000002
968.2	6.00000429
968.4	2.00000048
968.6	20.00005
968.8	0
969	4.000002
969.2	0
969.4	0
969.6	10.0000124
969.8	2.00000048
970	0
970.2	12.0000181
970.4	10.0000124
970.6	2.00000048
970.8	0
971	2.00000048
971.2	4.000002
971.4	0
971.6	2.00000048
971.8	0
972	10.0000124
972.2	12.0000181
972.4	2.00000048
972.6	2.00000048
972.8	2.00000048
973	2.00000048
973.2	0
973.4	0
973.6	6.00000429
973.8	4.000002
974	6.00000429
974.2	2.00000048
974.4	0
974.6	0
974.8	4.000002
975	6.00000429
975.2	0
975.4	16.0000324
975.6	4.000002
975.8	16.0000324
976	0
976.2	4.000002
976.4	2.00000048
976.6	6.00000429
976.8	2.00000048
977	2.00000048
977.2	0
977.4	2.00000048
977.6	0
977.8	8.000008
978	10.0000124
978.2	12.0000181
978.4	2.00000048
978.6	0
978.8	4.000002
979	0
979.2	0
979.4	18.00004
979.6	4.000002
979.8	0
980	2.00000048
980.2	6.00000429
980.4	0
980.6	0
980.8	2.00000048
981	2.00000048
981.2	0
981.4	0
981.6	8.000008
981.8	6.00000429
982	4.000002
982.2	2.00000048
982.4	4.000002
982.6	0
982.8	4.000002
983	8.000008
983.2	16.0000324
983.4	8.000008
983.6	0
983.8	4.000002
984	22.000061
984.2	2.00000048
984.4	10.0000124
984.6	2.00000048
984.8	0
985	0
985.2	4.000002
985.4	0
985.6	2.00000048
985.8	0
986	2.00000048
986.2	0
986.4	2.00000048
986.6	4.000002
986.8	6.00000429
987	0
987.2	2.00000048
987.4	4.000002
987.6	0
987.8	4.000002
988	10.0000124
988.2	2.00000048
988.4	2.00000048
988.6	0
988.8	2.00000048
989	4.000002
989.2	0
989.4	18.00004
989.6	4.000002
989.8	2.00000048
990	0
990.2	6.00000429
990.4	6.00000429
990.6	0
990.8	0
991	0
991.2	4.000002
991.4	10.0000124
991.6	6.00000429
991.8	0
992	4.000002
992.2	6.00000429
992.4	4.000002
992.6	10.0000124
992.8	18.00004
993	6.00000429
993.2	8.000008
993.4	2.00000048
993.6	16.0000324
993.8	8.000008
994	2.00000048
994.2	2.00000048
994.4	0
994.6	0
994.8	4.000002
995	0
995.2	10.0000124
995.4	0
995.6	16.0000324
995.8	0
996	4.000002
996.2	8.000008
996.4	6.00000429
996.6	0
996.8	12.0000181
997	2.00000048
997.2	6.00000429
997.4	2.00000048
997.6	2.00000048
997.8	4.000002
998	0
998.2	2.00000048
998.4	0
998.6	2.00000048
998.8	0
999	6.00000429
999.2	0
999.4	6.00000429
999.6	0
999.8	0
1000	4.000002
1000.2	4.000002
1000.4	2.00000048
1000.6	14.0000248
1000.8	0
1001	2.00000048
1001.2	8.000008
1001.4	6.00000429
1001.6	0
1001.8	0
1002	0
1002.2	2.00000048
1002.4	2.00000048
1002.6	0
1002.8	2.00000048
1003	0
1003.2	6.00000429
1003.4	0
1003.6	2.00000048
1003.8	30.0001125
1004	2.00000048
1004.2	6.00000429
1004.4	8.000008
1004.6	12.0000181
1004.8	10.0000124
1005	6.00000429
1005.2	6.00000429
1005.4	6.00000429
1005.6	10.0000124
1005.8	8.000008
1006	12.0000181
1006.2	8.000008
1006.4	14.0000248
1006.6	16.0000324
1006.8	24.0000725
1007	4.000002
1007.2	6.00000429
1007.4	6.00000429
1007.6	12.0000181
1007.8	4.000002
1008	10.0000124
1008.2	6.00000429
1008.4	26.0000839
1008.6	12.0000181
1008.8	8.000008
1009	28.0000973
1009.2	4.000002
1009.4	10.0000124
1009.6	18.00004
1009.8	14.0000248
1010	10.0000124
1010.2	10.0000124
1010.4	2.00000048
1010.6	4.000002
1010.8	2.00000048
1011	4.000002
1011.2	18.00004
1011.4	16.0000324
1011.6	14.0000248
1011.8	18.00004
1012	10.0000124
1012.2	4.000002
1012.4	4.000002
1012.6	4.000002
1012.8	22.000061
1013	0
1013.2	26.0000839
1013.4	6.00000429
1013.6	20.00005
1013.8	6.00000429
1014	2.00000048
1014.2	2.00000048
1014.4	8.000008
1014.6	14.0000248
1014.8	8.000008
1015	12.0000181
1015.2	2.00000048
1015.4	20.00005
1015.6	10.0000124
1015.8	6.00000429
1016	2.00000048
1016.2	0
1016.4	4.000002
1016.6	4.000002
1016.8	0
1017	6.00000429
1017.2	0
1017.4	8.000008
1017.6	0
1017.8	6.00000429
1018	8.000008
1018.2	16.0000324
1018.4	8.000008
1018.6	10.0000124
1018.8	28.0000973
1019	2.00000048
1019.2	0
1019.4	14.0000248
1019.6	6.00000429
1019.8	6.00000429
1020	10.0000124
1020.2	14.0000248
1020.4	2.00000048
1020.6	2.00000048
1020.8	4.000002
1021	4.000002
1021.2	6.00000429
1021.4	0
1021.6	6.00000429
1021.8	8.000008
1022	6.00000429
1022.2	6.00000429
1022.4	8.000008
1022.6	4.000002
1022.8	4.000002
1023	2.00000048
1023.2	12.0000181
1023.4	8.000008
1023.6	6.00000429
1023.8	12.0000181
1024	8.000008
1024.2	0
1024.4	0
1024.6	10.0000124
1024.8	10.0000124
1025	12.0000181
1025.2	6.00000429
1025.4	4.000002
1025.6	36.00016
1025.8	24.0000725
1026	10.0000124
1026.2	0
1026.4	8.000008
1026.6	6.00000429
1026.8	4.000002
1027	4.000002
1027.2	18.00004
1027.4	12.0000181
1027.6	2.00000048
1027.8	16.0000324
1028	2.00000048
1028.2	4.000002
1028.4	14.0000248
1028.6	6.00000429
1028.8	2.00000048
1029	14.0000248
1029.2	18.00004
1029.4	10.0000124
1029.6	6.00000429
1029.8	6.00000429
1030	4.000002
1030.2	6.00000429
1030.4	6.00000429
1030.6	6.00000429
1030.8	8.000008
1031	16.0000324
1031.2	8.000008
1031.4	4.000002
1031.6	8.000008
1031.8	0
1032	16.0000324
1032.2	10.0000124
1032.4	12.0000181
1032.6	34.000145
1032.8	4.000002
1033	6.00000429
1033.2	22.000061
1033.4	8.000008
1033.6	4.000002
1033.8	10.0000124
1034	12.0000181
1034.2	16.0000324
1034.4	18.00004
1034.6	6.00000429
1034.8	2.00000048
1035	16.0000324
1035.2	8.000008
1035.4	4.000002
1035.6	6.00000429
1035.8	12.0000181
1036	0
1036.2	22.000061
1036.4	2.00000048
1036.6	18.00004
1036.8	0
1037	12.0000181
1037.2	0
1037.4	2.00000048
1037.6	6.00000429
1037.8	16.0000324
1038	12.0000181
1038.2	4.000002
1038.4	12.0000181
1038.6	2.00000048
1038.8	2.00000048
1039	2.00000048
1039.2	4.000002
1039.4	12.0000181
1039.6	8.000008
1039.8	18.00004
1040	46.0002632
1040.2	12.0000181
1040.4	8.000008
1040.6	4.000002
1040.8	2.00000048
1041	4.000002
1041.2	4.000002
1041.4	6.00000429
1041.6	0
1041.8	6.00000429
1042	4.000002
1042.2	0
1042.4	8.000008
1042.6	2.00000048
1042.8	6.00000429
1043	4.000002
1043.2	0
1043.4	6.00000429
1043.6	2.00000048
1043.8	8.000008
1044	0
1044.2	14.0000248
1044.4	0
1044.6	10.0000124
1044.8	12.0000181
1045	10.0000124
1045.2	0
1045.4	16.0000324
1045.6	22.000061
1045.8	0
1046	20.00005
1046.2	4.000002
1046.4	8.000008
1046.6	10.0000124
1046.8	4.000002
1047	0
1047.2	2.00000048
1047.4	2.00000048
1047.6	8.000008
1047.8	4.000002
1048	4.000002
1048.2	8.000008
1048.4	6.00000429
1048.6	0
1048.8	2.00000048
1049	6.00000429
1049.2	0
1049.4	2.00000048
1049.6	4.000002
1049.8	4.000002
1050	2.00000048
1050.2	10.0000124
1050.4	4.000002
1050.6	12.0000181
1050.8	14.0000248
1051	10.0000124
1051.2	8.000008
1051.4	2.00000048
1051.6	2.00000048
1051.8	8.000008
1052	0
1052.2	4.000002
1052.4	4.000002
1052.6	2.00000048
1052.8	4.000002
1053	2.00000048
1053.2	6.00000429
1053.4	4.000002
1053.6	2.00000048
1053.8	4.000002
1054	6.00000429
1054.2	0
1054.4	2.00000048
1054.6	4.000002
1054.8	8.000008
1055	38.00018
1055.2	6.00000429
1055.4	0
1055.6	2.00000048
1055.8	0
1056	14.0000248
1056.2	14.0000248
1056.4	66.00054
1056.6	44.00024
1056.8	24.0000725
1057	8.000008
1057.2	4.000002
1057.4	0
1057.6	0
1057.8	10.0000124
1058	4.000002
1058.2	24.0000725
1058.4	6.00000429
1058.6	6.00000429
1058.8	2.00000048
1059	4.000002
1059.2	10.0000124
1059.4	2.00000048
1059.6	6.00000429
1059.8	2.00000048
1060	4.000002
1060.2	4.000002
1060.4	0
1060.6	0
1060.8	8.000008
1061	4.000002
1061.2	2.00000048
1061.4	0
1061.6	0
1061.8	2.00000048
1062	2.00000048
1062.2	8.000008
1062.4	2.00000048
1062.6	6.00000429
1062.8	2.00000048
1063	6.00000429
1063.2	2.00000048
1063.4	4.000002
1063.6	12.0000181
1063.8	6.00000429
1064	2.00000048
1064.2	6.00000429
1064.4	2.00000048
1064.6	4.000002
1064.8	0
1065	0
1065.2	6.00000429
1065.4	6.00000429
1065.6	0
1065.8	2.00000048
1066	0
1066.2	2.00000048
1066.4	0
1066.6	4.000002
1066.8	0
1067	4.000002
1067.2	0
1067.4	0
1067.6	0
1067.8	0
1068	2.00000048
1068.2	6.00000429
1068.4	2.00000048
1068.6	2.00000048
1068.8	10.0000124
1069	4.000002
1069.2	0
1069.4	0
1069.6	4.000002
1069.8	6.00000429
1070	4.000002
1070.2	0
1070.4	2.00000048
1070.6	4.000002
1070.8	14.0000248
1071	8.000008
1071.2	2.00000048
1071.4	10.0000124
1071.6	8.000008
1071.8	2.00000048
1072	2.00000048
1072.2	2.00000048
1072.4	0
1072.6	0
1072.8	2.00000048
1073	14.0000248
1073.2	0
1073.4	10.0000124
1073.6	2.00000048
1073.8	0
1074	4.000002
1074.2	12.0000181
1074.4	4.000002
1074.6	6.00000429
1074.8	0
1075	6.00000429
1075.2	4.000002
1075.4	6.00000429
1075.6	0
1075.8	12.0000181
1076	0
1076.2	0
1076.4	0
1076.6	8.000008
1076.8	2.00000048
1077	2.00000048
1077.2	2.00000048
1077.4	2.00000048
1077.6	16.0000324
1077.8	20.00005
1078	12.0000181
1078.2	8.000008
1078.4	30.0001125
1078.6	6.00000429
1078.8	0
1079	0
1079.2	0
1079.4	0
1079.6	0
1079.8	14.0000248
1080	8.000008
1080.2	4.000002
1080.4	10.0000124
1080.6	12.0000181
1080.8	16.0000324
1081	26.0000839
1081.2	0
1081.4	6.00000429
1081.6	0
1081.8	0
1082	2.00000048
1082.2	0
1082.4	2.00000048
1082.6	4.000002
1082.8	6.00000429
1083	0
1083.2	10.0000124
1083.4	8.000008
1083.6	4.000002
1083.8	14.0000248
1084	0
1084.2	2.00000048
1084.4	0
1084.6	0
1084.8	8.000008
1085	0
1085.2	2.00000048
1085.4	0
1085.6	0
1085.8	4.000002
1086	0
1086.2	8.000008
1086.4	2.00000048
1086.6	0
1086.8	2.00000048
1087	4.000002
1087.2	8.000008
1087.4	0
1087.6	8.000008
1087.8	4.000002
1088	4.000002
1088.2	12.0000181
1088.4	0
1088.6	0
1088.8	0
1089	6.00000429
1089.2	0
1089.4	4.000002
1089.6	12.0000181
1089.8	0
1090	14.0000248
1090.2	2.00000048
1090.4	0
1090.6	12.0000181
1090.8	4.000002
1091	2.00000048
1091.2	0
1091.4	6.00000429
1091.6	18.00004
1091.8	8.000008
1092	2.00000048
1092.2	0
1092.4	6.00000429
1092.6	10.0000124
1092.8	0
1093	4.000002
1093.2	0
1093.4	0
1093.6	14.0000248
1093.8	2.00000048
1094	6.00000429
1094.2	0
1094.4	0
1094.6	6.00000429
1094.8	0
1095	2.00000048
1095.2	0
1095.4	2.00000048
1095.6	10.0000124
1095.8	2.00000048
1096	0
1096.2	0
1096.4	8.000008
1096.6	2.00000048
1096.8	2.00000048
1097	2.00000048
1097.2	0
1097.4	4.000002
1097.6	4.000002
1097.8	0
1098	2.00000048
1098.2	0
1098.4	0
1098.6	4.000002
1098.8	0
1099	0
1099.2	4.000002
1099.4	18.00004
1099.6	2.00000048
1099.8	4.000002
1100	8.000008
1100.2	6.00000429
1100.4	6.00000429
1100.6	2.00000048
1100.8	0
1101	0
1101.2	4.000002
1101.4	4.000002
1101.6	0
1101.8	0
1102	0
1102.2	4.000002
1102.4	6.00000429
1102.6	10.0000124
1102.8	0
1103	10.0000124
1103.2	2.00000048
1103.4	4.000002
1103.6	2.00000048
1103.8	10.0000124
1104	4.000002
1104.2	2.00000048
1104.4	2.00000048
1104.6	4.000002
1104.8	0
1105	0
1105.2	6.00000429
1105.4	0
1105.6	8.000008
1105.8	10.0000124
1106	0
1106.2	2.00000048
1106.4	6.00000429
1106.6	4.000002
1106.8	0
1107	6.00000429
1107.2	2.00000048
1107.4	22.000061
1107.6	0
1107.8	4.000002
1108	0
1108.2	2.00000048
1108.4	0
1108.6	2.00000048
1108.8	2.00000048
1109	6.00000429
1109.2	0
1109.4	4.000002
1109.6	6.00000429
1109.8	2.00000048
1110	0
1110.2	6.00000429
1110.4	8.000008
1110.6	8.000008
1110.8	14.0000248
1111	2.00000048
1111.2	6.00000429
1111.4	4.000002
1111.6	0
1111.8	0
1112	0
1112.2	4.000002
1112.4	4.000002
1112.6	2.00000048
1112.8	0
1113	0
1113.2	2.00000048
1113.4	0
1113.6	0
1113.8	2.00000048
1114	6.00000429
1114.2	4.000002
1114.4	2.00000048
1114.6	2.00000048
1114.8	6.00000429
1115	6.00000429
1115.2	0
1115.4	4.000002
1115.6	6.00000429
1115.8	4.000002
1116	8.000008
1116.2	6.00000429
1116.4	0
1116.6	0
1116.8	4.000002
1117	4.000002
1117.2	0
1117.4	0
1117.6	6.00000429
1117.8	4.000002
1118	0
1118.2	8.000008
1118.4	0
1118.6	18.00004
1118.8	14.0000248
1119	0
1119.2	2.00000048
1119.4	0
1119.6	0
1119.8	0
1120	2.00000048
</Trace>
